Sample	0	1	2	3	4	5	6	7	8	9	10	11	12	13	14	15	16	17	18	19	20	21	22	23	24	25	26	27	28	29	30	31	32	33	34	35	36	37	38	39	40	41	42	43	44	45	46	47	48	49	50	51	52	53	54	55	56	57	58	59	60	61	62	63	64	65	66	67	68	69	70	71	72	73	74	75	76	77	78	79	80	81	82	83	84	85	86	87	88	89	90	91	92	93	94	95	96	97	98	99	100	101	102	103	104	105	106	107	108	109	110	111	112	113	114	115	116	117	118	119	120	121	122	123	124	125	126	127	128	129	130	131	132	133	134	135	136	137	138	139	140	141	142	143	144	145	146	147	148	149	150
SRR10089413_1	(1, 36.3668)	(2, 36.458)	(3, 36.5521)	(4, 36.5939)	(5, 36.6144)	(6, 36.5941)	(7, 36.6086)	(8, 36.6608)	(9, 36.6817)	(10, 36.6555)	(11, 36.6976)	(12, 36.6834)	(13, 36.6657)	(14, 36.6669)	(15, 36.6738)	(16, 36.6709)	(17, 36.6636)	(18, 36.6658)	(19, 36.6624)	(20, 36.6623)	(21, 36.6571)	(22, 36.6432)	(23, 36.6353)	(24, 36.634)	(25, 36.6241)	(26, 36.601)	(27, 36.5967)	(28, 36.5932)	(29, 36.5906)	(30, 36.5633)	(31, 36.5636)	(32, 36.5534)	(33, 36.5475)	(34, 36.5379)	(35, 36.5415)	(36, 36.5423)	(37, 36.5226)	(38, 36.5148)	(39, 36.5129)	(40, 36.5049)	(41, 36.4933)	(42, 36.4875)	(43, 36.4687)	(44, 36.4763)	(45, 36.4409)	(46, 36.46)	(47, 36.4547)	(48, 36.4459)	(49, 36.4461)	(50, 36.4298)	(51, 36.4241)	(52, 36.416)	(53, 36.4104)	(54, 36.4151)	(55, 36.401)	(56, 36.3932)	(57, 36.3812)	(58, 36.3743)	(59, 36.3795)	(60, 36.3719)	(61, 36.3702)	(62, 36.349)	(63, 36.3312)	(64, 36.3446)	(65, 36.34)	(66, 36.3289)	(67, 36.3273)	(68, 36.2899)	(69, 36.2758)	(70, 36.2768)	(71, 36.2735)	(72, 36.2863)	(73, 36.2799)	(74, 36.2795)	(75, 36.2687)	(76, 36.2664)	(77, 36.2487)	(78, 36.2553)	(79, 36.2419)	(80, 36.2423)	(81, 36.2326)	(82, 36.2264)	(83, 36.2073)	(84, 36.2236)	(85, 36.2306)	(86, 36.2164)	(87, 36.1979)	(88, 36.2081)	(89, 36.199)	(90, 36.1825)	(91, 36.1698)	(92, 36.1762)	(93, 36.1665)	(94, 36.1598)	(95, 36.1638)	(96, 36.1385)	(97, 36.1309)	(98, 36.1416)	(99, 36.1402)	(100, 36.1127)	(101, 36.1144)	(102, 36.116)	(103, 36.093)	(104, 36.0734)	(105, 36.0856)	(106, 36.0828)	(107, 36.0624)	(108, 36.0728)	(109, 36.0669)	(110, 36.0392)	(111, 36.0386)	(112, 36.0336)	(113, 36.0373)	(114, 36.0236)	(115, 36.021)	(116, 36.0105)	(117, 36.0007)	(118, 35.9755)	(119, 35.9694)	(120, 35.9652)	(121, 35.9479)	(122, 35.9399)	(123, 35.9626)	(124, 35.9661)	(125, 35.9535)	(126, 35.9469)	(127, 35.9523)	(128, 35.9415)	(129, 35.9094)	(130, 35.9184)	(131, 35.9015)	(132, 35.903)	(133, 35.8566)	(134, 35.8388)	(135, 35.8172)	(136, 35.8394)	(137, 35.8116)	(138, 35.8194)	(139, 35.7955)	(140, 35.7843)	(141, 35.7861)	(142, 35.7771)	(143, 35.8031)	(144, 35.7966)	(145, 35.7615)	(146, 35.731)	(147, 35.6926)	(148, 35.6876)	(149, 35.7027)	(150, 35.7416)	(151, 35.1368)
SRR10089428_1	(1, 36.5201)	(2, 36.5558)	(3, 36.635)	(4, 36.6691)	(5, 36.6828)	(6, 36.6665)	(7, 36.6624)	(8, 36.7061)	(9, 36.7239)	(10, 36.7071)	(11, 36.7339)	(12, 36.7186)	(13, 36.7057)	(14, 36.7059)	(15, 36.7121)	(16, 36.7093)	(17, 36.6975)	(18, 36.702)	(19, 36.6998)	(20, 36.7025)	(21, 36.6987)	(22, 36.6861)	(23, 36.6797)	(24, 36.6786)	(25, 36.6723)	(26, 36.6523)	(27, 36.6519)	(28, 36.6479)	(29, 36.6456)	(30, 36.6237)	(31, 36.6242)	(32, 36.6174)	(33, 36.6129)	(34, 36.6053)	(35, 36.608)	(36, 36.6102)	(37, 36.5914)	(38, 36.5919)	(39, 36.5867)	(40, 36.5793)	(41, 36.5672)	(42, 36.5629)	(43, 36.5477)	(44, 36.5542)	(45, 36.5347)	(46, 36.542)	(47, 36.5342)	(48, 36.5217)	(49, 36.5185)	(50, 36.5122)	(51, 36.4986)	(52, 36.4954)	(53, 36.4942)	(54, 36.4995)	(55, 36.4795)	(56, 36.4733)	(57, 36.4607)	(58, 36.4678)	(59, 36.4673)	(60, 36.4634)	(61, 36.4619)	(62, 36.4429)	(63, 36.4288)	(64, 36.4392)	(65, 36.4338)	(66, 36.4203)	(67, 36.4207)	(68, 36.3995)	(69, 36.3885)	(70, 36.3932)	(71, 36.3861)	(72, 36.3951)	(73, 36.3865)	(74, 36.3841)	(75, 36.3713)	(76, 36.3709)	(77, 36.3569)	(78, 36.3625)	(79, 36.3505)	(80, 36.3507)	(81, 36.3414)	(82, 36.3358)	(83, 36.3217)	(84, 36.335)	(85, 36.344)	(86, 36.332)	(87, 36.3152)	(88, 36.3234)	(89, 36.3149)	(90, 36.3001)	(91, 36.2885)	(92, 36.2976)	(93, 36.2884)	(94, 36.2845)	(95, 36.2855)	(96, 36.2654)	(97, 36.2584)	(98, 36.2683)	(99, 36.2656)	(100, 36.2482)	(101, 36.2479)	(102, 36.2451)	(103, 36.2247)	(104, 36.2117)	(105, 36.2192)	(106, 36.2148)	(107, 36.1981)	(108, 36.2069)	(109, 36.1982)	(110, 36.175)	(111, 36.1761)	(112, 36.1706)	(113, 36.1705)	(114, 36.164)	(115, 36.1574)	(116, 36.145)	(117, 36.1361)	(118, 36.1134)	(119, 36.1094)	(120, 36.1059)	(121, 36.0903)	(122, 36.0811)	(123, 36.1028)	(124, 36.1041)	(125, 36.0874)	(126, 36.076)	(127, 36.0762)	(128, 36.0614)	(129, 36.0273)	(130, 36.0294)	(131, 36.0109)	(132, 36.0039)	(133, 35.9472)	(134, 35.9255)	(135, 35.8985)	(136, 35.9052)	(137, 35.8712)	(138, 35.8642)	(139, 35.8311)	(140, 35.8038)	(141, 35.7867)	(142, 35.7599)	(143, 35.7609)	(144, 35.7305)	(145, 35.6746)	(146, 35.6119)	(147, 35.5496)	(148, 35.5144)	(149, 35.4909)	(150, 35.4914)	(151, 34.9501)
SRR10089431_1	(1, 36.3638)	(2, 36.4156)	(3, 36.4949)	(4, 36.5417)	(5, 36.5543)	(6, 36.5421)	(7, 36.5004)	(8, 36.5581)	(9, 36.5641)	(10, 36.5777)	(11, 36.589)	(12, 36.5621)	(13, 36.5533)	(14, 36.5542)	(15, 36.5606)	(16, 36.5481)	(17, 36.5465)	(18, 36.5444)	(19, 36.5384)	(20, 36.5386)	(21, 36.5332)	(22, 36.5246)	(23, 36.5151)	(24, 36.5018)	(25, 36.4909)	(26, 36.4524)	(27, 36.429)	(28, 36.4425)	(29, 36.4392)	(30, 36.4284)	(31, 36.4245)	(32, 36.4115)	(33, 36.3987)	(34, 36.3938)	(35, 36.3892)	(36, 36.3744)	(37, 36.3827)	(38, 36.3681)	(39, 36.369)	(40, 36.3484)	(41, 36.3501)	(42, 36.3356)	(43, 36.305)	(44, 36.3171)	(45, 36.2584)	(46, 36.2874)	(47, 36.294)	(48, 36.2666)	(49, 36.2367)	(50, 36.2721)	(51, 36.25)	(52, 36.2321)	(53, 36.2444)	(54, 36.2476)	(55, 36.2113)	(56, 36.203)	(57, 36.1845)	(58, 36.2027)	(59, 36.1827)	(60, 36.1711)	(61, 36.1974)	(62, 36.1599)	(63, 36.1423)	(64, 36.1815)	(65, 36.177)	(66, 36.1279)	(67, 36.1578)	(68, 36.1348)	(69, 36.1124)	(70, 36.0981)	(71, 36.0973)	(72, 36.1007)	(73, 36.1108)	(74, 36.1273)	(75, 36.1193)	(76, 36.1245)	(77, 36.1085)	(78, 36.1104)	(79, 36.0975)	(80, 36.1004)	(81, 36.0892)	(82, 36.0821)	(83, 36.062)	(84, 36.0634)	(85, 36.0552)	(86, 36.0365)	(87, 36.0253)	(88, 36.0268)	(89, 36.0164)	(90, 36.0052)	(91, 36.0255)	(92, 36.0036)	(93, 35.969)	(94, 35.9795)	(95, 35.9916)	(96, 35.9543)	(97, 35.9361)	(98, 35.9338)	(99, 35.9411)	(100, 35.9109)	(101, 35.9095)	(102, 35.8968)	(103, 35.9011)	(104, 35.8813)	(105, 35.9037)	(106, 35.8903)	(107, 35.8843)	(108, 35.8839)	(109, 35.8829)	(110, 35.8766)	(111, 35.8923)	(112, 35.8591)	(113, 35.8397)	(114, 35.8119)	(115, 35.8042)	(116, 35.8065)	(117, 35.7913)	(118, 35.7702)	(119, 35.7672)	(120, 35.7534)	(121, 35.7574)	(122, 35.7253)	(123, 35.7224)	(124, 35.7148)	(125, 35.7023)	(126, 35.6829)	(127, 35.6935)	(128, 35.6951)	(129, 35.701)	(130, 35.6891)	(131, 35.6491)	(132, 35.6377)	(133, 35.6159)	(134, 35.639)	(135, 35.6625)	(136, 35.6415)	(137, 35.596)	(138, 35.5358)	(139, 35.5358)	(140, 35.5409)	(141, 35.5113)	(142, 35.4924)	(143, 35.4528)	(144, 35.416)	(145, 35.4154)	(146, 35.4079)	(147, 35.4081)	(148, 35.3707)	(149, 35.3308)	(150, 35.2926)	(151, 34.7167)
SRR10089494_1	(1, 36.4422)	(2, 36.4686)	(3, 36.5749)	(4, 36.6026)	(5, 36.6205)	(6, 36.6046)	(7, 36.5768)	(8, 36.6333)	(9, 36.6371)	(10, 36.6427)	(11, 36.6611)	(12, 36.6428)	(13, 36.6277)	(14, 36.6291)	(15, 36.6341)	(16, 36.6305)	(17, 36.6295)	(18, 36.627)	(19, 36.6147)	(20, 36.6242)	(21, 36.617)	(22, 36.6052)	(23, 36.5991)	(24, 36.5889)	(25, 36.581)	(26, 36.5481)	(27, 36.5437)	(28, 36.5398)	(29, 36.5404)	(30, 36.5263)	(31, 36.5225)	(32, 36.5114)	(33, 36.4984)	(34, 36.4891)	(35, 36.4889)	(36, 36.492)	(37, 36.4819)	(38, 36.4773)	(39, 36.4706)	(40, 36.4616)	(41, 36.4536)	(42, 36.4425)	(43, 36.4256)	(44, 36.4345)	(45, 36.4205)	(46, 36.4167)	(47, 36.4133)	(48, 36.4173)	(49, 36.4097)	(50, 36.4044)	(51, 36.3942)	(52, 36.3831)	(53, 36.3741)	(54, 36.3721)	(55, 36.3662)	(56, 36.3629)	(57, 36.3538)	(58, 36.3502)	(59, 36.3479)	(60, 36.3415)	(61, 36.3357)	(62, 36.3239)	(63, 36.305)	(64, 36.3101)	(65, 36.314)	(66, 36.3018)	(67, 36.2955)	(68, 36.2726)	(69, 36.2792)	(70, 36.2782)	(71, 36.2623)	(72, 36.2572)	(73, 36.2637)	(74, 36.2717)	(75, 36.2589)	(76, 36.2569)	(77, 36.2417)	(78, 36.2425)	(79, 36.2327)	(80, 36.2353)	(81, 36.2291)	(82, 36.2226)	(83, 36.2052)	(84, 36.2077)	(85, 36.2004)	(86, 36.169)	(87, 36.1733)	(88, 36.1794)	(89, 36.165)	(90, 36.1565)	(91, 36.1491)	(92, 36.1247)	(93, 36.1245)	(94, 36.1306)	(95, 36.1173)	(96, 36.0861)	(97, 36.0874)	(98, 36.1063)	(99, 36.1014)	(100, 36.0634)	(101, 36.076)	(102, 36.0889)	(103, 36.0788)	(104, 36.0581)	(105, 36.0635)	(106, 36.0611)	(107, 36.0476)	(108, 36.0418)	(109, 36.0443)	(110, 36.0129)	(111, 35.987)	(112, 35.9932)	(113, 36.002)	(114, 35.9771)	(115, 35.9784)	(116, 35.9762)	(117, 35.9455)	(118, 35.9527)	(119, 35.9452)	(120, 35.9223)	(121, 35.935)	(122, 35.9275)	(123, 35.92)	(124, 35.9155)	(125, 35.9092)	(126, 35.909)	(127, 35.9147)	(128, 35.9119)	(129, 35.8911)	(130, 35.9021)	(131, 35.8779)	(132, 35.8657)	(133, 35.8387)	(134, 35.832)	(135, 35.8109)	(136, 35.8143)	(137, 35.7796)	(138, 35.7724)	(139, 35.7941)	(140, 35.7789)	(141, 35.7437)	(142, 35.7377)	(143, 35.7403)	(144, 35.7209)	(145, 35.6564)	(146, 35.6944)	(147, 35.7292)	(148, 35.6875)	(149, 35.6601)	(150, 35.6458)	(151, 35.079)
SRR10089503_1	(1, 36.4553)	(2, 36.4776)	(3, 36.5842)	(4, 36.6121)	(5, 36.6297)	(6, 36.614)	(7, 36.5865)	(8, 36.6414)	(9, 36.6458)	(10, 36.6516)	(11, 36.6693)	(12, 36.6507)	(13, 36.6381)	(14, 36.6377)	(15, 36.6437)	(16, 36.6402)	(17, 36.6358)	(18, 36.635)	(19, 36.6228)	(20, 36.6348)	(21, 36.6282)	(22, 36.6153)	(23, 36.611)	(24, 36.6011)	(25, 36.5946)	(26, 36.5628)	(27, 36.5611)	(28, 36.5556)	(29, 36.5563)	(30, 36.5445)	(31, 36.5417)	(32, 36.5307)	(33, 36.5185)	(34, 36.5092)	(35, 36.5111)	(36, 36.5132)	(37, 36.4994)	(38, 36.501)	(39, 36.4941)	(40, 36.4849)	(41, 36.4769)	(42, 36.4641)	(43, 36.4491)	(44, 36.4594)	(45, 36.4411)	(46, 36.4394)	(47, 36.4355)	(48, 36.4409)	(49, 36.4331)	(50, 36.432)	(51, 36.4194)	(52, 36.4119)	(53, 36.4036)	(54, 36.404)	(55, 36.3949)	(56, 36.3921)	(57, 36.382)	(58, 36.3803)	(59, 36.3788)	(60, 36.372)	(61, 36.3711)	(62, 36.3593)	(63, 36.3397)	(64, 36.3462)	(65, 36.3505)	(66, 36.3356)	(67, 36.331)	(68, 36.3071)	(69, 36.3166)	(70, 36.3158)	(71, 36.2997)	(72, 36.296)	(73, 36.3039)	(74, 36.3087)	(75, 36.2996)	(76, 36.299)	(77, 36.286)	(78, 36.2871)	(79, 36.2775)	(80, 36.2802)	(81, 36.2738)	(82, 36.2688)	(83, 36.255)	(84, 36.2576)	(85, 36.2503)	(86, 36.2234)	(87, 36.2269)	(88, 36.2293)	(89, 36.2171)	(90, 36.2135)	(91, 36.2036)	(92, 36.1798)	(93, 36.1836)	(94, 36.1881)	(95, 36.1752)	(96, 36.1487)	(97, 36.148)	(98, 36.1652)	(99, 36.1572)	(100, 36.1282)	(101, 36.1372)	(102, 36.1481)	(103, 36.1373)	(104, 36.1214)	(105, 36.1239)	(106, 36.1221)	(107, 36.1129)	(108, 36.1052)	(109, 36.1071)	(110, 36.0801)	(111, 36.0575)	(112, 36.0625)	(113, 36.068)	(114, 36.0497)	(115, 36.0501)	(116, 36.0429)	(117, 36.0167)	(118, 36.0255)	(119, 36.0166)	(120, 35.9997)	(121, 36.0095)	(122, 36.0036)	(123, 35.9942)	(124, 35.9919)	(125, 35.984)	(126, 35.983)	(127, 35.9853)	(128, 35.9807)	(129, 35.9604)	(130, 35.9692)	(131, 35.9465)	(132, 35.9328)	(133, 35.9054)	(134, 35.8973)	(135, 35.875)	(136, 35.8758)	(137, 35.8427)	(138, 35.8344)	(139, 35.8506)	(140, 35.8324)	(141, 35.7972)	(142, 35.7846)	(143, 35.7818)	(144, 35.7642)	(145, 35.6979)	(146, 35.7268)	(147, 35.7582)	(148, 35.7139)	(149, 35.6855)	(150, 35.6612)	(151, 35.1114)
SRR10089583_1	(1, 36.2842)	(2, 36.3527)	(3, 36.436)	(4, 36.4871)	(5, 36.4994)	(6, 36.4895)	(7, 36.4495)	(8, 36.5125)	(9, 36.5224)	(10, 36.5272)	(11, 36.5493)	(12, 36.5274)	(13, 36.5157)	(14, 36.519)	(15, 36.5229)	(16, 36.5118)	(17, 36.5086)	(18, 36.5066)	(19, 36.4999)	(20, 36.5043)	(21, 36.4964)	(22, 36.4882)	(23, 36.4812)	(24, 36.467)	(25, 36.4588)	(26, 36.4157)	(27, 36.395)	(28, 36.4053)	(29, 36.4046)	(30, 36.3944)	(31, 36.3915)	(32, 36.381)	(33, 36.3649)	(34, 36.3593)	(35, 36.3542)	(36, 36.343)	(37, 36.3476)	(38, 36.3382)	(39, 36.3435)	(40, 36.3225)	(41, 36.3268)	(42, 36.3099)	(43, 36.2799)	(44, 36.2917)	(45, 36.2417)	(46, 36.2676)	(47, 36.2662)	(48, 36.2562)	(49, 36.2274)	(50, 36.2585)	(51, 36.235)	(52, 36.2269)	(53, 36.2244)	(54, 36.2302)	(55, 36.2067)	(56, 36.1964)	(57, 36.1819)	(58, 36.1918)	(59, 36.1743)	(60, 36.1677)	(61, 36.1844)	(62, 36.1538)	(63, 36.1343)	(64, 36.1663)	(65, 36.1606)	(66, 36.1323)	(67, 36.1527)	(68, 36.1295)	(69, 36.1078)	(70, 36.0989)	(71, 36.0916)	(72, 36.0915)	(73, 36.0924)	(74, 36.109)	(75, 36.1029)	(76, 36.1109)	(77, 36.0939)	(78, 36.0961)	(79, 36.0786)	(80, 36.0863)	(81, 36.0788)	(82, 36.0717)	(83, 36.0528)	(84, 36.0539)	(85, 36.0358)	(86, 36.0289)	(87, 36.0135)	(88, 36.0149)	(89, 36.0116)	(90, 35.9993)	(91, 36.0119)	(92, 35.9943)	(93, 35.9607)	(94, 35.9738)	(95, 35.9841)	(96, 35.9485)	(97, 35.93)	(98, 35.9271)	(99, 35.9287)	(100, 35.9122)	(101, 35.9077)	(102, 35.8923)	(103, 35.9005)	(104, 35.8834)	(105, 35.8976)	(106, 35.8855)	(107, 35.8796)	(108, 35.881)	(109, 35.8733)	(110, 35.8741)	(111, 35.8985)	(112, 35.8534)	(113, 35.8374)	(114, 35.8136)	(115, 35.7982)	(116, 35.8055)	(117, 35.7951)	(118, 35.7677)	(119, 35.7662)	(120, 35.754)	(121, 35.7554)	(122, 35.7264)	(123, 35.7153)	(124, 35.7156)	(125, 35.7008)	(126, 35.6795)	(127, 35.6919)	(128, 35.69)	(129, 35.6951)	(130, 35.6827)	(131, 35.6481)	(132, 35.6268)	(133, 35.5965)	(134, 35.6167)	(135, 35.6453)	(136, 35.6209)	(137, 35.5842)	(138, 35.5281)	(139, 35.5247)	(140, 35.5211)	(141, 35.4954)	(142, 35.4694)	(143, 35.4292)	(144, 35.3901)	(145, 35.3866)	(146, 35.374)	(147, 35.3778)	(148, 35.335)	(149, 35.2929)	(150, 35.2546)	(151, 34.6604)
SRR10089589_1	(1, 36.2556)	(2, 36.3921)	(3, 36.4985)	(4, 36.5211)	(5, 36.5524)	(6, 36.5289)	(7, 36.5332)	(8, 36.5982)	(9, 36.6086)	(10, 36.5867)	(11, 36.6288)	(12, 36.6137)	(13, 36.596)	(14, 36.5891)	(15, 36.5951)	(16, 36.5872)	(17, 36.5913)	(18, 36.59)	(19, 36.5847)	(20, 36.5844)	(21, 36.5735)	(22, 36.5673)	(23, 36.5576)	(24, 36.5456)	(25, 36.537)	(26, 36.5017)	(27, 36.4941)	(28, 36.4914)	(29, 36.4879)	(30, 36.4526)	(31, 36.4599)	(32, 36.4434)	(33, 36.4391)	(34, 36.4221)	(35, 36.4204)	(36, 36.4295)	(37, 36.4184)	(38, 36.4087)	(39, 36.4017)	(40, 36.3889)	(41, 36.3824)	(42, 36.3805)	(43, 36.3594)	(44, 36.358)	(45, 36.3413)	(46, 36.3415)	(47, 36.3331)	(48, 36.3253)	(49, 36.3182)	(50, 36.3182)	(51, 36.3066)	(52, 36.2846)	(53, 36.2616)	(54, 36.279)	(55, 36.2572)	(56, 36.2658)	(57, 36.2582)	(58, 36.2434)	(59, 36.2469)	(60, 36.231)	(61, 36.2332)	(62, 36.2157)	(63, 36.1968)	(64, 36.2166)	(65, 36.2083)	(66, 36.1776)	(67, 36.1768)	(68, 36.1615)	(69, 36.1716)	(70, 36.173)	(71, 36.1661)	(72, 36.1546)	(73, 36.1422)	(74, 36.1622)	(75, 36.1493)	(76, 36.1395)	(77, 36.1306)	(78, 36.1143)	(79, 36.0605)	(80, 36.1014)	(81, 36.1051)	(82, 36.0685)	(83, 36.0639)	(84, 36.0777)	(85, 36.0649)	(86, 36.0526)	(87, 36.0448)	(88, 36.0502)	(89, 36.0154)	(90, 36.0103)	(91, 36.0374)	(92, 36.0299)	(93, 35.9958)	(94, 36.0034)	(95, 36.0066)	(96, 35.9662)	(97, 35.9608)	(98, 35.9748)	(99, 35.9587)	(100, 35.9094)	(101, 35.9183)	(102, 35.933)	(103, 35.9077)	(104, 35.8342)	(105, 35.8844)	(106, 35.8821)	(107, 35.8609)	(108, 35.8798)	(109, 35.8876)	(110, 35.867)	(111, 35.8696)	(112, 35.8493)	(113, 35.8707)	(114, 35.8448)	(115, 35.8402)	(116, 35.8581)	(117, 35.836)	(118, 35.8022)	(119, 35.7826)	(120, 35.7747)	(121, 35.7878)	(122, 35.765)	(123, 35.7626)	(124, 35.7225)	(125, 35.6952)	(126, 35.7056)	(127, 35.6965)	(128, 35.6331)	(129, 35.6565)	(130, 35.6666)	(131, 35.6009)	(132, 35.6119)	(133, 35.6377)	(134, 35.6543)	(135, 35.6372)	(136, 35.6389)	(137, 35.6072)	(138, 35.5721)	(139, 35.5623)	(140, 35.5626)	(141, 35.554)	(142, 35.549)	(143, 35.5194)	(144, 35.4839)	(145, 35.4379)	(146, 35.4327)	(147, 35.434)	(148, 35.3912)	(149, 35.3369)	(150, 35.3449)	(151, 34.6743)
SRR10089616_1	(1, 36.3417)	(2, 36.4508)	(3, 36.5441)	(4, 36.5678)	(5, 36.5924)	(6, 36.5756)	(7, 36.5643)	(8, 36.6279)	(9, 36.6356)	(10, 36.625)	(11, 36.6574)	(12, 36.64)	(13, 36.6273)	(14, 36.6222)	(15, 36.6286)	(16, 36.6243)	(17, 36.623)	(18, 36.6215)	(19, 36.6178)	(20, 36.6211)	(21, 36.6113)	(22, 36.606)	(23, 36.5979)	(24, 36.5886)	(25, 36.5806)	(26, 36.5497)	(27, 36.5467)	(28, 36.5441)	(29, 36.5425)	(30, 36.5133)	(31, 36.5179)	(32, 36.5067)	(33, 36.5045)	(34, 36.4899)	(35, 36.49)	(36, 36.4994)	(37, 36.4885)	(38, 36.4799)	(39, 36.4742)	(40, 36.4653)	(41, 36.4559)	(42, 36.4537)	(43, 36.4367)	(44, 36.438)	(45, 36.4176)	(46, 36.4195)	(47, 36.413)	(48, 36.4117)	(49, 36.4028)	(50, 36.4062)	(51, 36.3922)	(52, 36.3779)	(53, 36.356)	(54, 36.374)	(55, 36.351)	(56, 36.3592)	(57, 36.354)	(58, 36.3457)	(59, 36.3507)	(60, 36.3386)	(61, 36.3379)	(62, 36.3289)	(63, 36.3154)	(64, 36.3256)	(65, 36.3176)	(66, 36.2888)	(67, 36.2847)	(68, 36.2738)	(69, 36.287)	(70, 36.2871)	(71, 36.2809)	(72, 36.2718)	(73, 36.2608)	(74, 36.2773)	(75, 36.2648)	(76, 36.2557)	(77, 36.2522)	(78, 36.2359)	(79, 36.1876)	(80, 36.2279)	(81, 36.2277)	(82, 36.1942)	(83, 36.1925)	(84, 36.2061)	(85, 36.1982)	(86, 36.1874)	(87, 36.1815)	(88, 36.183)	(89, 36.1519)	(90, 36.1496)	(91, 36.176)	(92, 36.1668)	(93, 36.1406)	(94, 36.1448)	(95, 36.1473)	(96, 36.1139)	(97, 36.1039)	(98, 36.1167)	(99, 36.102)	(100, 36.0638)	(101, 36.0771)	(102, 36.0832)	(103, 36.0612)	(104, 35.9928)	(105, 36.038)	(106, 36.0382)	(107, 36.0147)	(108, 36.0351)	(109, 36.0415)	(110, 36.0225)	(111, 36.0293)	(112, 36.0123)	(113, 36.0268)	(114, 36.0099)	(115, 36.0034)	(116, 36.0187)	(117, 35.9983)	(118, 35.9727)	(119, 35.9526)	(120, 35.9464)	(121, 35.963)	(122, 35.9453)	(123, 35.9447)	(124, 35.9089)	(125, 35.8823)	(126, 35.8891)	(127, 35.8799)	(128, 35.817)	(129, 35.8489)	(130, 35.8578)	(131, 35.7969)	(132, 35.808)	(133, 35.8395)	(134, 35.8548)	(135, 35.8397)	(136, 35.8465)	(137, 35.8217)	(138, 35.7908)	(139, 35.7871)	(140, 35.7941)	(141, 35.7925)	(142, 35.7932)	(143, 35.7747)	(144, 35.7448)	(145, 35.7081)	(146, 35.7084)	(147, 35.7169)	(148, 35.6856)	(149, 35.6403)	(150, 35.6573)	(151, 35.0147)
SRR10089670_1	(1, 36.2057)	(2, 36.2655)	(3, 36.3774)	(4, 36.4093)	(5, 36.4482)	(6, 36.428)	(7, 36.3653)	(8, 36.4345)	(9, 36.4391)	(10, 36.4737)	(11, 36.4818)	(12, 36.4393)	(13, 36.4336)	(14, 36.435)	(15, 36.4394)	(16, 36.4332)	(17, 36.4311)	(18, 36.4292)	(19, 36.4239)	(20, 36.4253)	(21, 36.4181)	(22, 36.4092)	(23, 36.3916)	(24, 36.3731)	(25, 36.3624)	(26, 36.3218)	(27, 36.3048)	(28, 36.3071)	(29, 36.307)	(30, 36.2856)	(31, 36.2826)	(32, 36.2701)	(33, 36.25)	(34, 36.2426)	(35, 36.2435)	(36, 36.236)	(37, 36.2106)	(38, 36.2109)	(39, 36.2078)	(40, 36.1847)	(41, 36.1848)	(42, 36.1848)	(43, 36.1619)	(44, 36.1623)	(45, 36.1549)	(46, 36.1548)	(47, 36.1398)	(48, 36.1366)	(49, 36.1227)	(50, 36.1141)	(51, 36.1075)	(52, 36.1023)	(53, 36.0823)	(54, 36.0833)	(55, 36.0917)	(56, 36.0823)	(57, 36.0733)	(58, 36.0643)	(59, 36.0456)	(60, 36.0362)	(61, 36.0284)	(62, 36.0039)	(63, 35.9985)	(64, 36.0277)	(65, 36.0071)	(66, 35.9833)	(67, 35.9842)	(68, 35.986)	(69, 35.9807)	(70, 35.9741)	(71, 35.9742)	(72, 35.9597)	(73, 35.9575)	(74, 35.9693)	(75, 35.9561)	(76, 35.9561)	(77, 35.9343)	(78, 35.9295)	(79, 35.8891)	(80, 35.9065)	(81, 35.9137)	(82, 35.9094)	(83, 35.8752)	(84, 35.8695)	(85, 35.8644)	(86, 35.8257)	(87, 35.7985)	(88, 35.8336)	(89, 35.825)	(90, 35.8081)	(91, 35.8086)	(92, 35.8057)	(93, 35.7903)	(94, 35.7872)	(95, 35.7899)	(96, 35.7645)	(97, 35.7552)	(98, 35.7574)	(99, 35.7698)	(100, 35.7229)	(101, 35.7177)	(102, 35.7439)	(103, 35.7293)	(104, 35.658)	(105, 35.6973)	(106, 35.6957)	(107, 35.658)	(108, 35.6695)	(109, 35.6869)	(110, 35.6557)	(111, 35.6306)	(112, 35.6076)	(113, 35.5962)	(114, 35.5953)	(115, 35.6106)	(116, 35.5824)	(117, 35.5845)	(118, 35.5737)	(119, 35.5375)	(120, 35.5548)	(121, 35.5845)	(122, 35.5493)	(123, 35.5579)	(124, 35.5504)	(125, 35.5222)	(126, 35.5151)	(127, 35.4963)	(128, 35.5039)	(129, 35.4784)	(130, 35.4634)	(131, 35.4478)	(132, 35.4786)	(133, 35.461)	(134, 35.4446)	(135, 35.418)	(136, 35.4022)	(137, 35.3272)	(138, 35.2916)	(139, 35.3266)	(140, 35.3667)	(141, 35.2978)	(142, 35.3013)	(143, 35.3372)	(144, 35.3485)	(145, 35.314)	(146, 35.2775)	(147, 35.2596)	(148, 35.2654)	(149, 35.2367)	(150, 35.2324)	(151, 34.5849)
