Sample	0	1	2	3	4	5	6	7	8	9	10	11	12	13	14	15	16	17	18	19	20	21	22	23	24	25	26	27	28	29	30	31	32	33	34	35	36	37	38	39	40	41	42	43	44	45	46	47	48	49	50	51	52	53	54	55	56	57	58	59	60	61	62	63	64	65	66	67	68	69	70	71	72	73	74	75	76	77	78	79	80	81	82	83	84	85	86	87	88	89	90	91	92	93	94	95	96	97	98	99	100	101	102	103	104	105	106	107	108	109	110	111	112	113	114	115	116	117	118	119	120	121	122	123	124	125	126	127	128	129	130	131	132	133	134	135	136	137	138	139	140	141	142	143	144	145	146	147	148	149	150
SRR10089413_1	(1, 0.0104325)	(2, 0.07974730000000001)	(3, 0.027600200000000002)	(4, 0.0)	(5, 0.0)	(6, 0.00183655)	(7, 4.42009e-06)	(8, 0.0)	(9, 0.0)	(10, 0.0)	(11, 0.0)	(12, 0.0)	(13, 0.0)	(14, 0.00015691299999999998)	(15, 0.0)	(16, 3.3150700000000003e-06)	(17, 0.0)	(18, 1.1050200000000001e-06)	(19, 0.0)	(20, 0.0)	(21, 0.0)	(22, 0.0)	(23, 0.0)	(24, 0.0)	(25, 1.87854e-05)	(26, 0.0)	(27, 1.1050200000000001e-06)	(28, 0.0)	(29, 1.1050200000000001e-06)	(30, 0.00142548)	(31, 0.0)	(32, 1.76804e-05)	(33, 3.3150700000000003e-06)	(34, 4.42009e-06)	(35, 1.98904e-05)	(36, 1.1050200000000001e-05)	(37, 3.64658e-05)	(38, 0.0)	(39, 0.00023095)	(40, 0.0)	(41, 4.19909e-05)	(42, 0.00048068500000000006)	(43, 0.0)	(44, 0.0)	(45, 0.0)	(46, 0.0)	(47, 0.0)	(48, 3.3150700000000003e-06)	(49, 5.52512e-06)	(50, 0.00021658500000000001)	(51, 0.0)	(52, 0.00018232899999999998)	(53, 0.0)	(54, 0.00113375)	(55, 0.000185644)	(56, 0.0)	(57, 1.1050200000000001e-05)	(58, 3.09407e-05)	(59, 3.3150700000000003e-06)	(60, 3.31507e-05)	(61, 0.0)	(62, 1.1050200000000001e-05)	(63, 0.0)	(64, 0.0)	(65, 0.0)	(66, 8.84019e-06)	(67, 3.2045700000000004e-05)	(68, 0.0)	(69, 3.3150700000000003e-06)	(70, 0.0)	(71, 1.1050200000000001e-06)	(72, 4.30959e-05)	(73, 0.00020442900000000003)	(74, 9.72421e-05)	(75, 0.000190064)	(76, 1.87854e-05)	(77, 0.000229845)	(78, 3.2045700000000004e-05)	(79, 7.62466e-05)	(80, 3.42557e-05)	(81, 0.000200009)	(82, 2.09954e-05)	(83, 0.00220563)	(84, 0.000101662)	(85, 0.000186749)	(86, 0.00022432)	(87, 0.000352502)	(88, 0.0)	(89, 2.21005e-06)	(90, 0.0)	(91, 0.0036001699999999998)	(92, 5.52512e-06)	(93, 0.00011823699999999999)	(94, 1.1050200000000001e-05)	(95, 0.000161333)	(96, 1.32603e-05)	(97, 0.00111939)	(98, 0.000510521)	(99, 0.000647544)	(100, 0.000412174)	(101, 0.000598923)	(102, 0.000400018)	(103, 0.000529306)	(104, 0.000509416)	(105, 0.00047074)	(106, 0.00038896799999999995)	(107, 0.000362448)	(108, 0.000160228)	(109, 0.000152493)	(110, 0.000160228)	(111, 0.00025747)	(112, 0.000172384)	(113, 0.000290621)	(114, 0.000128183)	(115, 0.000438694)	(116, 0.00141664)	(117, 0.000301671)	(118, 0.00100668)	(119, 0.000110502)	(120, 0.000317142)	(121, 0.0)	(122, 0.0004884199999999999)	(123, 0.000166859)	(124, 9.17169e-05)	(125, 0.000186749)	(126, 0.000129288)	(127, 0.000161333)	(128, 8.84019e-05)	(129, 0.000151388)	(130, 9.2822e-05)	(131, 0.000186749)	(132, 0.000192274)	(133, 0.000451955)	(134, 0.000137023)	(135, 0.00040222799999999997)	(136, 8.17717e-05)	(137, 0.0008464480000000001)	(138, 0.000134813)	(139, 0.0)	(140, 0.00200672)	(141, 0.0030134)	(142, 0.000161333)	(143, 0.00041659399999999995)	(144, 0.000319352)	(145, 0.000186749)	(146, 9.17169e-05)	(147, 0.00112491)	(148, 0.000393388)	(149, 0.00069948)	(150, 0.000345872)	(151, 0.000655279)
SRR10089428_1	(1, 0.0105419)	(2, 0.0797727)	(3, 0.0276513)	(4, 0.0)	(5, 0.0)	(6, 0.0018877800000000001)	(7, 0.0)	(8, 0.0)	(9, 0.0)	(10, 0.0)	(11, 0.0)	(12, 0.0)	(13, 0.0)	(14, 0.000147069)	(15, 0.0)	(16, 3.61644e-06)	(17, 0.0)	(18, 0.0)	(19, 0.0)	(20, 0.0)	(21, 0.0)	(22, 0.0)	(23, 0.0)	(24, 0.0)	(25, 1.68767e-05)	(26, 0.0)	(27, 1.20548e-06)	(28, 0.0)	(29, 1.20548e-06)	(30, 0.0013477300000000001)	(31, 0.0)	(32, 1.32603e-05)	(33, 2.41096e-06)	(34, 2.41096e-06)	(35, 1.44658e-05)	(36, 4.82192e-06)	(37, 3.61644e-05)	(38, 0.0)	(39, 0.00021457600000000001)	(40, 0.0)	(41, 6.0274e-05)	(42, 0.00044602799999999995)	(43, 0.0)	(44, 0.0)	(45, 0.0)	(46, 0.0)	(47, 0.0)	(48, 1.20548e-06)	(49, 2.41096e-06)	(50, 0.00021457600000000001)	(51, 0.0)	(52, 0.000176)	(53, 0.0)	(54, 0.00109819)	(55, 0.000154302)	(56, 0.0)	(57, 1.32603e-05)	(58, 3.2548e-05)	(59, 1.20548e-06)	(60, 2.29041e-05)	(61, 0.0)	(62, 1.08493e-05)	(63, 0.0)	(64, 0.0)	(65, 0.0)	(66, 1.32603e-05)	(67, 1.68767e-05)	(68, 0.0)	(69, 1.20548e-06)	(70, 0.0)	(71, 0.0)	(72, 4.21918e-05)	(73, 0.000190466)	(74, 7.23288e-05)	(75, 0.000169973)	(76, 1.32603e-05)	(77, 0.000209754)	(78, 3.37535e-05)	(79, 6.38905e-05)	(80, 3.49589e-05)	(81, 0.000184439)	(82, 1.56712e-05)	(83, 0.00223014)	(84, 8.19727e-05)	(85, 0.000168767)	(86, 0.00020613699999999998)	(87, 0.000318247)	(88, 0.0)	(89, 2.41096e-06)	(90, 0.0)	(91, 0.00352362)	(92, 3.61644e-06)	(93, 0.00011934300000000001)	(94, 1.08493e-05)	(95, 0.00013260300000000002)	(96, 1.08493e-05)	(97, 0.00101863)	(98, 0.000478576)	(99, 0.000608768)	(100, 0.00040986299999999995)	(101, 0.000554521)	(102, 0.000383343)	(103, 0.000515946)	(104, 0.000493042)	(105, 0.00045808299999999997)	(106, 0.00037490399999999996)	(107, 0.000335124)	(108, 0.000148274)	(109, 0.000145863)	(110, 0.000148274)	(111, 0.00021698599999999999)	(112, 0.00015671199999999999)	(113, 0.000320658)	(114, 0.000127781)	(115, 0.000418302)	(116, 0.0014731)	(117, 0.00028811)	(118, 0.00102466)	(119, 0.000127781)	(120, 0.000286904)	(121, 0.0)	(122, 0.000473754)	(123, 0.000151891)	(124, 7.11233e-05)	(125, 0.000168767)	(126, 0.00011211)	(127, 0.00014465799999999998)	(128, 6.75069e-05)	(129, 0.000139836)	(130, 7.23288e-05)	(131, 0.000168767)	(132, 0.000182028)	(133, 0.00040986299999999995)	(134, 0.00010849299999999999)	(135, 0.000408658)	(136, 6.147949999999999e-05)	(137, 0.000818521)	(138, 0.00012416399999999999)	(139, 1.20548e-06)	(140, 0.00200592)	(141, 0.00302335)	(142, 0.000166356)	(143, 0.000436384)	(144, 0.00032548)	(145, 0.000183233)	(146, 7.11233e-05)	(147, 0.0010764899999999998)	(148, 0.000370083)	(149, 0.000655781)	(150, 0.000342356)	(151, 0.000601535)
SRR10089431_1	(1, 0.0258176)	(2, 0.0)	(3, 0.0443698)	(4, 0.0)	(5, 0.000171976)	(6, 0.0008123329999999999)	(7, 0.0)	(8, 0.0)	(9, 0.0)	(10, 0.0)	(11, 0.0)	(12, 0.0)	(13, 0.0)	(14, 0.0)	(15, 0.0)	(16, 1.6186e-05)	(17, 1.71976e-05)	(18, 0.0)	(19, 0.0)	(20, 1.0116200000000001e-06)	(21, 0.000840658)	(22, 0.0)	(23, 2.02325e-06)	(24, 0.0)	(25, 1.5174300000000001e-05)	(26, 0.0)	(27, 0.043546299999999996)	(28, 0.0060950299999999995)	(29, 0.007485)	(30, 0.00011431300000000001)	(31, 0.0)	(32, 0.0013434299999999998)	(33, 4.04649e-06)	(34, 0.0012341799999999999)	(35, 1.11278e-05)	(36, 0.0435655)	(37, 0.000668683)	(38, 0.00909955)	(39, 0.0081557)	(40, 0.025754899999999997)	(41, 0.00733528)	(42, 0.000487602)	(43, 0.0244115)	(44, 0.00019827800000000003)	(45, 0.000443091)	(46, 0.00033687)	(47, 0.000351033)	(48, 0.00033788199999999996)	(49, 0.0263811)	(50, 0.0039453299999999995)	(51, 0.000151743)	(52, 0.00010116199999999999)	(53, 0.0)	(54, 0.00291954)	(55, 0.00584414)	(56, 0.00099139)	(57, 0.00657656)	(58, 0.00140717)	(59, 8.09298e-06)	(60, 0.000135557)	(61, 0.000939797)	(62, 0.00030551)	(63, 0.000209406)	(64, 0.00394634)	(65, 9.50925e-05)	(66, 5.4627600000000005e-05)	(67, 0.000510869)	(68, 0.0008214380000000001)	(69, 9.30693e-05)	(70, 0.000460288)	(71, 3.743e-05)	(72, 0.000157813)	(73, 0.000115325)	(74, 0.000668683)	(75, 0.00013960400000000001)	(76, 0.000893263)	(77, 9.20577e-05)	(78, 0.000782996)	(79, 9.913900000000001e-05)	(80, 0.0012786899999999999)	(81, 0.00045522999999999994)	(82, 0.000624171)	(83, 0.000127464)	(84, 3.23719e-05)	(85, 0.000322708)	(86, 0.000994425)	(87, 6.27206e-05)	(88, 0.000360138)	(89, 3.03487e-06)	(90, 4.45114e-05)	(91, 0.0017045799999999998)	(92, 0.00108345)	(93, 0.0010359)	(94, 0.00106322)	(95, 0.00041779999999999996)	(96, 0.000553358)	(97, 0.000281231)	(98, 0.000519974)	(99, 0.000273138)	(100, 0.00034900999999999997)	(101, 0.000252906)	(102, 0.000556392)	(103, 0.00021851)	(104, 0.000494683)	(105, 8.39647e-05)	(106, 0.000345975)	(107, 0.000156802)	(108, 0.0)	(109, 0.0)	(110, 0.0)	(111, 0.0)	(112, 3.03487e-06)	(113, 0.0)	(114, 0.0)	(115, 0.0004613)	(116, 0.000397568)	(117, 0.000232673)	(118, 0.000229638)	(119, 0.00019929)	(120, 0.000277185)	(121, 6.27206e-05)	(122, 0.000157813)	(123, 6.47438e-05)	(124, 0.00011229000000000001)	(125, 8.90228e-05)	(126, 0.000200301)	(127, 0.000100151)	(128, 0.00014870900000000002)	(129, 6.87903e-05)	(130, 0.000141627)	(131, 0.000147697)	(132, 0.0)	(133, 0.0)	(134, 6.57555e-05)	(135, 5.05811e-06)	(136, 0.000147697)	(137, 1.82092e-05)	(138, 0.000387451)	(139, 3.3383499999999996e-05)	(140, 6.27206e-05)	(141, 0.0)	(142, 6.67671e-05)	(143, 0.0)	(144, 2.6302199999999997e-05)	(145, 4.04649e-06)	(146, 9.20577e-05)	(147, 2.93371e-05)	(148, 0.000127464)	(149, 0.0)	(150, 3.23719e-05)	(151, 0.0)
SRR10089494_1	(1, 0.000660681)	(2, 0.0531745)	(3, 0.000286113)	(4, 3.2761099999999997e-06)	(5, 0.0)	(6, 0.000940242)	(7, 0.00247128)	(8, 0.0)	(9, 0.0)	(10, 0.0)	(11, 0.0)	(12, 0.0)	(13, 0.0)	(14, 0.0)	(15, 0.0)	(16, 0.0)	(17, 0.0)	(18, 0.0)	(19, 0.0006803380000000001)	(20, 0.0)	(21, 0.0)	(22, 0.000492508)	(23, 0.0)	(24, 1.52885e-05)	(25, 2.18407e-06)	(26, 1.4196499999999999e-05)	(27, 8.954690000000001e-05)	(28, 6.66141e-05)	(29, 1.09204e-05)	(30, 0.0)	(31, 0.000144149)	(32, 5.46018e-06)	(33, 0.00018237)	(34, 0.0)	(35, 4.36814e-06)	(36, 1.63805e-05)	(37, 7.86265e-05)	(38, 0.000253352)	(39, 5.56938e-05)	(40, 0.000306862)	(41, 6.66141e-05)	(42, 0.0001234)	(43, 0.0028938899999999997)	(44, 0.0)	(45, 0.0)	(46, 0.000309046)	(47, 5.24177e-05)	(48, 0.0)	(49, 7.64425e-06)	(50, 3.2761099999999997e-06)	(51, 3.93133e-05)	(52, 0.0)	(53, 2.18407e-06)	(54, 1.31044e-05)	(55, 8.73628e-06)	(56, 9.500700000000001e-05)	(57, 6.3338e-05)	(58, 2.18407e-06)	(59, 1.4196499999999999e-05)	(60, 7.75345e-05)	(61, 4.36814e-06)	(62, 1.09204e-05)	(63, 5.56938e-05)	(64, 1.9656599999999997e-05)	(65, 0.00015943699999999998)	(66, 0.000131044)	(67, 8.62708e-05)	(68, 0.0028076200000000003)	(69, 6.1154e-05)	(70, 0.000340715)	(71, 0.00107893)	(72, 0.0)	(73, 0.0)	(74, 1.20124e-05)	(75, 1.09204e-06)	(76, 3.2761099999999997e-06)	(77, 4.36814e-06)	(78, 0.0)	(79, 0.0)	(80, 4.36814e-06)	(81, 0.0)	(82, 4.36814e-06)	(83, 0.0)	(84, 0.0)	(85, 0.0)	(86, 0.000281745)	(87, 0.0)	(88, 1.09204e-06)	(89, 8.954690000000001e-05)	(90, 0.000482679)	(91, 8.51787e-05)	(92, 0.00488249)	(93, 0.00017690999999999999)	(94, 0.00043244599999999996)	(95, 2.18407e-05)	(96, 4.36814e-06)	(97, 0.0)	(98, 5.02336e-05)	(99, 2.18407e-06)	(100, 6.552210000000001e-05)	(101, 0.0)	(102, 2.83929e-05)	(103, 0.0)	(104, 3.2761099999999997e-06)	(105, 6.55221e-06)	(106, 0.0)	(107, 0.0)	(108, 0.0)	(109, 0.0)	(110, 1.52885e-05)	(111, 0.0)	(112, 0.000491416)	(113, 4.91416e-05)	(114, 0.00146442)	(115, 0.000184554)	(116, 0.00118377)	(117, 0.003002)	(118, 0.000988292)	(119, 0.000108111)	(120, 5.46018e-06)	(121, 9.82832e-06)	(122, 0.000162713)	(123, 0.0)	(124, 7.64425e-06)	(125, 0.0)	(126, 0.0)	(127, 0.0)	(128, 6.55221e-06)	(129, 0.0)	(130, 0.0)	(131, 0.0)	(132, 0.000129952)	(133, 1.09204e-06)	(134, 0.0)	(135, 0.0)	(136, 0.000834315)	(137, 0.0)	(138, 7.64425e-06)	(139, 9.3915e-05)	(140, 0.000114664)	(141, 0.00111824)	(142, 0.000147425)	(143, 0.00019765800000000002)	(144, 7.86265e-05)	(145, 0.00138579)	(146, 0.0)	(147, 0.0)	(148, 1.09204e-06)	(149, 2.18407e-05)	(150, 0.0)	(151, 2.29327e-05)
SRR10089503_1	(1, 0.0006948400000000001)	(2, 0.053287600000000004)	(3, 0.00028549699999999995)	(4, 5.21456e-06)	(5, 0.0)	(6, 0.0008669210000000001)	(7, 0.00249126)	(8, 0.0)	(9, 0.0)	(10, 0.0)	(11, 0.0)	(12, 0.0)	(13, 0.0)	(14, 0.0)	(15, 0.0)	(16, 0.0)	(17, 0.0)	(18, 0.0)	(19, 0.000683108)	(20, 0.0)	(21, 0.0)	(22, 0.000470614)	(23, 0.0)	(24, 1.30364e-05)	(25, 5.21456e-06)	(26, 1.69473e-05)	(27, 8.473660000000001e-05)	(28, 8.60403e-05)	(29, 1.56437e-05)	(30, 0.0)	(31, 0.000138186)	(32, 2.60728e-06)	(33, 0.000159044)	(34, 0.0)	(35, 9.12548e-06)	(36, 2.08583e-05)	(37, 6.648569999999999e-05)	(38, 0.000284194)	(39, 5.21456e-05)	(40, 0.000374145)	(41, 8.86476e-05)	(42, 0.000132971)	(43, 0.00277806)	(44, 0.0)	(45, 0.0)	(46, 0.00035459)	(47, 5.86638e-05)	(48, 0.0)	(49, 9.12548e-06)	(50, 3.91092e-06)	(51, 4.56274e-05)	(52, 3.91092e-06)	(53, 0.0)	(54, 1.30364e-05)	(55, 1.434e-05)	(56, 8.3433e-05)	(57, 7.03966e-05)	(58, 3.91092e-06)	(59, 1.8251000000000002e-05)	(60, 7.95221e-05)	(61, 5.21456e-06)	(62, 7.82184e-06)	(63, 7.82184e-05)	(64, 1.69473e-05)	(65, 0.000219012)	(66, 0.000174688)	(67, 0.000102988)	(68, 0.00265161)	(69, 8.21294e-05)	(70, 0.000361108)	(71, 0.00104291)	(72, 0.0)	(73, 1.30364e-06)	(74, 9.12548e-06)	(75, 1.30364e-06)	(76, 3.91092e-06)	(77, 6.5182e-06)	(78, 0.0)	(79, 0.0)	(80, 7.82184e-06)	(81, 0.0)	(82, 1.30364e-06)	(83, 0.0)	(84, 0.0)	(85, 0.0)	(86, 0.000299837)	(87, 0.0)	(88, 0.0)	(89, 0.00011472)	(90, 0.000482347)	(91, 0.00011863100000000001)	(92, 0.00475177)	(93, 0.000170777)	(94, 0.00042238000000000003)	(95, 2.99837e-05)	(96, 1.17328e-05)	(97, 0.0)	(98, 3.7805599999999996e-05)	(99, 2.60728e-06)	(100, 6.25748e-05)	(101, 0.0)	(102, 1.04291e-05)	(103, 0.0)	(104, 5.21456e-06)	(105, 5.21456e-06)	(106, 0.0)	(107, 0.0)	(108, 0.0)	(109, 0.0)	(110, 3.91092e-06)	(111, 0.0)	(112, 0.000505813)	(113, 4.04129e-05)	(114, 0.0015265599999999997)	(115, 0.00018642099999999998)	(116, 0.00122542)	(117, 0.0029201599999999998)	(118, 0.00102988)	(119, 0.000109506)	(120, 1.30364e-06)	(121, 3.91092e-06)	(122, 0.00016816999999999998)	(123, 0.0)	(124, 9.12548e-06)	(125, 0.0)	(126, 0.0)	(127, 0.0)	(128, 1.17328e-05)	(129, 0.0)	(130, 0.0)	(131, 0.0)	(132, 0.000102988)	(133, 0.0)	(134, 0.0)	(135, 0.0)	(136, 0.0008447589999999999)	(137, 0.0)	(138, 1.8251000000000002e-05)	(139, 0.000117328)	(140, 0.00011211299999999999)	(141, 0.0010742)	(142, 0.00012515)	(143, 0.00021770800000000002)	(144, 7.95221e-05)	(145, 0.00133232)	(146, 0.0)	(147, 0.0)	(148, 5.21456e-06)	(149, 1.8251000000000002e-05)	(150, 0.0)	(151, 3.12874e-05)
SRR10089583_1	(1, 0.025808400000000002)	(2, 0.0)	(3, 0.0443442)	(4, 0.0)	(5, 0.000145506)	(6, 0.0007881559999999999)	(7, 0.0)	(8, 0.0)	(9, 0.0)	(10, 0.0)	(11, 0.0)	(12, 0.0)	(13, 0.0)	(14, 0.0)	(15, 0.0)	(16, 1.61673e-05)	(17, 1.2125500000000001e-05)	(18, 0.0)	(19, 0.0)	(20, 1.34728e-06)	(21, 0.0008595619999999999)	(22, 0.0)	(23, 1.34728e-06)	(24, 0.0)	(25, 2.02091e-05)	(26, 0.0)	(27, 0.0433257)	(28, 0.00611798)	(29, 0.007422139999999999)	(30, 0.000106435)	(31, 0.0)	(32, 0.00136748)	(33, 2.6945500000000003e-06)	(34, 0.00122737)	(35, 1.3472799999999999e-05)	(36, 0.0433001)	(37, 0.000602232)	(38, 0.009149349999999999)	(39, 0.008013600000000001)	(40, 0.0255295)	(41, 0.00740463)	(42, 0.000459421)	(43, 0.0242725)	(44, 0.000191313)	(45, 0.000489061)	(46, 0.000382626)	(47, 0.00043382299999999996)	(48, 0.00035702799999999996)	(49, 0.025966)	(50, 0.00372387)	(51, 0.00017784)	(52, 0.000137422)	(53, 0.0)	(54, 0.0029572699999999997)	(55, 0.005774420000000001)	(56, 0.000956566)	(57, 0.006388779999999999)	(58, 0.00139308)	(59, 6.73638e-06)	(60, 0.000152242)	(61, 0.000901327)	(62, 0.000303137)	(63, 0.00022903700000000002)	(64, 0.00389228)	(65, 9.02675e-05)	(66, 7.005829999999999e-05)	(67, 0.0005402580000000001)	(68, 0.000867645)	(69, 0.00011586599999999999)	(70, 0.000485019)	(71, 4.17655e-05)	(72, 0.000188619)	(73, 0.000146853)	(74, 0.0007167510000000001)	(75, 0.000179188)	(76, 0.000965997)	(77, 0.00010239300000000001)	(78, 0.0008528249999999999)	(79, 0.000122602)	(80, 0.0013284100000000001)	(81, 0.00049445)	(82, 0.000649387)	(83, 0.00015763099999999998)	(84, 2.82928e-05)	(85, 0.000323346)	(86, 0.0009686909999999999)	(87, 6.3322e-05)	(88, 0.000362417)	(89, 2.6945500000000003e-06)	(90, 4.98492e-05)	(91, 0.0017043)	(92, 0.00120446)	(93, 0.00107917)	(94, 0.00116405)	(95, 0.00046211599999999994)	(96, 0.000596843)	(97, 0.000338166)	(98, 0.000559119)	(99, 0.000335472)	(100, 0.000412266)	(101, 0.000327388)	(102, 0.000602232)	(103, 0.00028697)	(104, 0.000544299)	(105, 9.16147e-05)	(106, 0.000366459)	(107, 0.000181882)	(108, 0.0)	(109, 1.34728e-06)	(110, 0.0)	(111, 0.0)	(112, 4.04183e-06)	(113, 0.0)	(114, 0.0)	(115, 0.000511965)	(116, 0.00044325399999999997)	(117, 0.000285622)	(118, 0.000265413)	(119, 0.000241162)	(120, 0.000330083)	(121, 7.14056e-05)	(122, 0.000195355)	(123, 6.73638e-05)	(124, 0.000138769)	(125, 0.00010508699999999999)	(126, 0.000251941)	(127, 0.00013203300000000001)	(128, 0.000183229)	(129, 8.75729e-05)	(130, 0.0001482)	(131, 0.000181882)	(132, 0.0)	(133, 0.0)	(134, 7.14056e-05)	(135, 6.73638e-06)	(136, 0.00015358899999999998)	(137, 1.4819999999999999e-05)	(138, 0.00041765499999999996)	(139, 2.5598199999999998e-05)	(140, 7.41002e-05)	(141, 0.0)	(142, 7.14056e-05)	(143, 0.0)	(144, 1.88619e-05)	(145, 1.34728e-06)	(146, 0.000110477)	(147, 2.02091e-05)	(148, 0.000146853)	(149, 0.0)	(150, 2.69455e-05)	(151, 1.34728e-06)
SRR10089589_1	(1, 0.013777099999999999)	(2, 0.000675933)	(3, 9.94019e-05)	(4, 0.00504438)	(5, 0.000569207)	(6, 0.00192107)	(7, 0.0)	(8, 4.18534e-06)	(9, 0.0)	(10, 0.0)	(11, 0.0)	(12, 0.0)	(13, 0.0)	(14, 0.00016846)	(15, 0.0)	(16, 1.67414e-05)	(17, 0.0)	(18, 3.3482700000000004e-05)	(19, 3.45291e-05)	(20, 0.0)	(21, 9.10312e-05)	(22, 1.0463399999999999e-06)	(23, 1.0463399999999999e-06)	(24, 0.0)	(25, 0.000136024)	(26, 5.23168e-06)	(27, 0.0)	(28, 0.00178505)	(29, 0.00133512)	(30, 0.000572346)	(31, 0.00588773)	(32, 0.00017159899999999998)	(33, 7.638250000000001e-05)	(34, 0.00196606)	(35, 0.000617338)	(36, 0.00018520100000000002)	(37, 2.3019400000000002e-05)	(38, 0.000237518)	(39, 0.000129746)	(40, 0.000533631)	(41, 0.000129746)	(42, 6.80118e-05)	(43, 0.000249028)	(44, 0.000304484)	(45, 0.000649774)	(46, 0.000169506)	(47, 7.74288e-05)	(48, 0.000107773)	(49, 0.000153811)	(50, 5.65021e-05)	(51, 3.87144e-05)	(52, 0.00221091)	(53, 0.000806725)	(54, 0.000280418)	(55, 0.00296218)	(56, 0.00011823600000000001)	(57, 2.1973e-05)	(58, 0.000257399)	(59, 0.00166053)	(60, 0.00147743)	(61, 0.000641404)	(62, 0.000308669)	(63, 0.000200896)	(64, 0.00020403499999999998)	(65, 3.3482700000000004e-05)	(66, 0.000594319)	(67, 0.00016532099999999998)	(68, 0.000875783)	(69, 3.76681e-05)	(70, 3.87144e-05)	(71, 8.16142e-05)	(72, 0.000296113)	(73, 0.00117608)	(74, 0.00025321299999999996)	(75, 0.00034319799999999996)	(76, 0.00168041)	(77, 0.000910312)	(78, 0.000549326)	(79, 0.00129222)	(80, 4.1853399999999995e-05)	(81, 2.1973e-05)	(82, 0.000607921)	(83, 0.0017567999999999998)	(84, 0.00108819)	(85, 0.000605828)	(86, 0.00019775699999999998)	(87, 9.31239e-05)	(88, 5.23168e-06)	(89, 0.00140628)	(90, 6.17338e-05)	(91, 7.01045e-05)	(92, 1.98804e-05)	(93, 0.00041434900000000005)	(94, 5.54558e-05)	(95, 5.1270399999999996e-05)	(96, 0.000315993)	(97, 4.18534e-06)	(98, 1.5695e-05)	(99, 5.96411e-05)	(100, 3.1390099999999998e-06)	(101, 0.00040074699999999996)	(102, 2.1973e-05)	(103, 6.17338e-05)	(104, 0.00253004)	(105, 1.5695e-05)	(106, 6.27801e-05)	(107, 0.00251539)	(108, 0.000468758)	(109, 0.000143348)	(110, 5.23168e-06)	(111, 0.0)	(112, 6.69655e-05)	(113, 0.0)	(114, 1.4648700000000001e-05)	(115, 1.8834e-05)	(116, 3.1390099999999998e-06)	(117, 1.98804e-05)	(118, 1.0463399999999999e-05)	(119, 5.23168e-05)	(120, 6.0687500000000005e-05)	(121, 1.67414e-05)	(122, 6.48728e-05)	(123, 3.76681e-05)	(124, 5.8594800000000004e-05)	(125, 0.00140941)	(126, 0.000369356)	(127, 4.70851e-05)	(128, 0.00262212)	(129, 2.1973e-05)	(130, 8.37068e-06)	(131, 0.000345291)	(132, 0.0008893849999999999)	(133, 2.61584e-05)	(134, 4.18534e-06)	(135, 6.38265e-05)	(136, 6.2780100000000006e-06)	(137, 4.28998e-05)	(138, 1.1509700000000001e-05)	(139, 9.31239e-05)	(140, 0.0)	(141, 6.69655e-05)	(142, 2.0926699999999997e-05)	(143, 8.37068e-06)	(144, 4.18534e-06)	(145, 8.37068e-06)	(146, 9.83555e-05)	(147, 1.0463399999999999e-05)	(148, 1.2556e-05)	(149, 0.0009218220000000001)	(150, 0.00013707000000000001)	(151, 3.24364e-05)
SRR10089616_1	(1, 0.0135054)	(2, 0.000737122)	(3, 0.000105111)	(4, 0.00513964)	(5, 0.000561938)	(6, 0.00209817)	(7, 0.0)	(8, 5.39029e-06)	(9, 0.0)	(10, 0.0)	(11, 0.0)	(12, 0.0)	(13, 0.0)	(14, 0.000165751)	(15, 0.0)	(16, 1.61709e-05)	(17, 0.0)	(18, 4.17747e-05)	(19, 3.90796e-05)	(20, 0.0)	(21, 8.354949999999999e-05)	(22, 2.69514e-06)	(23, 2.69514e-06)	(24, 0.0)	(25, 0.000128019)	(26, 6.73786e-06)	(27, 0.0)	(28, 0.00175589)	(29, 0.00129636)	(30, 0.000633359)	(31, 0.00595492)	(32, 0.000157666)	(33, 8.48971e-05)	(34, 0.0020402199999999997)	(35, 0.000645487)	(36, 0.00020078800000000003)	(37, 2.8299e-05)	(38, 0.000210221)	(39, 0.00011858599999999999)	(40, 0.000481083)	(41, 0.000119934)	(42, 5.2555299999999995e-05)	(43, 0.00024121499999999997)	(44, 0.000330155)	(45, 0.000622578)	(46, 0.000176532)	(47, 8.08543e-05)	(48, 0.000134757)	(49, 0.00016305600000000002)	(50, 6.198830000000001e-05)	(51, 3.90796e-05)	(52, 0.0021722900000000003)	(53, 0.0008624460000000001)	(54, 0.00028299)	(55, 0.00289998)	(56, 0.000128019)	(57, 1.8866e-05)	(58, 0.000269514)	(59, 0.00175589)	(60, 0.0015618399999999999)	(61, 0.0006320109999999999)	(62, 0.00033285)	(63, 0.000234478)	(64, 0.000212916)	(65, 2.29087e-05)	(66, 0.000571371)	(67, 0.000190008)	(68, 0.000863794)	(69, 4.7165e-05)	(70, 4.31223e-05)	(71, 8.89398e-05)	(72, 0.000300509)	(73, 0.00114005)	(74, 0.000256039)	(75, 0.000338241)	(76, 0.00161709)	(77, 0.0008799649999999999)	(78, 0.000529596)	(79, 0.00131119)	(80, 4.04272e-05)	(81, 1.8866e-05)	(82, 0.000640097)	(83, 0.00185561)	(84, 0.00119395)	(85, 0.000641444)	(86, 0.000204831)	(87, 7.27689e-05)	(88, 6.73786e-06)	(89, 0.00139204)	(90, 6.872619999999999e-05)	(91, 6.46835e-05)	(92, 3.0994199999999995e-05)	(93, 0.000405619)	(94, 5.12077e-05)	(95, 5.12077e-05)	(96, 0.00032746)	(97, 2.69514e-06)	(98, 1.7518399999999998e-05)	(99, 8.22019e-05)	(100, 8.08543e-06)	(101, 0.000401577)	(102, 1.8866e-05)	(103, 7.14213e-05)	(104, 0.00253209)	(105, 1.3475699999999999e-05)	(106, 5.12077e-05)	(107, 0.0025779099999999997)	(108, 0.000495907)	(109, 0.000171142)	(110, 5.39029e-06)	(111, 0.0)	(112, 7.14213e-05)	(113, 2.69514e-06)	(114, 1.3475699999999999e-05)	(115, 1.8866e-05)	(116, 0.0)	(117, 1.2128199999999999e-05)	(118, 9.43301e-06)	(119, 6.0640800000000004e-05)	(120, 8.08543e-05)	(121, 2.42563e-05)	(122, 7.27689e-05)	(123, 4.17747e-05)	(124, 7.95068e-05)	(125, 0.00135835)	(126, 0.000363845)	(127, 3.90796e-05)	(128, 0.00269245)	(129, 2.02136e-05)	(130, 9.43301e-06)	(131, 0.000381363)	(132, 0.000945996)	(133, 4.58175e-05)	(134, 2.69514e-06)	(135, 7.00738e-05)	(136, 1.4823300000000001e-05)	(137, 3.7732e-05)	(138, 2.29087e-05)	(139, 0.000107806)	(140, 0.0)	(141, 6.33359e-05)	(142, 1.7518399999999998e-05)	(143, 1.8866e-05)	(144, 4.04272e-06)	(145, 6.73786e-06)	(146, 0.000111848)	(147, 1.61709e-05)	(148, 2.29087e-05)	(149, 0.0008974829999999999)	(150, 0.000134757)	(151, 2.9646600000000002e-05)
SRR10089670_1	(1, 0.0111625)	(2, 0.00167498)	(3, 0.000327041)	(4, 0.00198103)	(5, 0.0)	(6, 0.000550224)	(7, 0.0)	(8, 0.0)	(9, 0.0)	(10, 0.0)	(11, 2.20974e-06)	(12, 0.0006176210000000001)	(13, 0.0)	(14, 0.0)	(15, 0.00045851999999999997)	(16, 0.0)	(17, 2.20974e-06)	(18, 0.0)	(19, 1.3258399999999998e-05)	(20, 0.0)	(21, 1.3258399999999998e-05)	(22, 0.0)	(23, 0.0)	(24, 5.4138500000000004e-05)	(25, 0.000140318)	(26, 3.3146100000000003e-06)	(27, 1.98876e-05)	(28, 0.0)	(29, 0.0)	(30, 0.0)	(31, 0.0)	(32, 0.0)	(33, 0.0)	(34, 0.0)	(35, 0.0)	(36, 0.0)	(37, 0.00015689099999999999)	(38, 0.0)	(39, 0.0)	(40, 0.00020550600000000002)	(41, 4.64045e-05)	(42, 1.76779e-05)	(43, 1.6573e-05)	(44, 1.43633e-05)	(45, 1.98876e-05)	(46, 1.10487e-05)	(47, 9.943820000000001e-06)	(48, 0.0)	(49, 0.0)	(50, 0.0)	(51, 4.419469999999999e-06)	(52, 7.734080000000001e-06)	(53, 0.0)	(54, 0.0)	(55, 0.0)	(56, 0.0)	(57, 0.0)	(58, 0.0)	(59, 0.0)	(60, 0.0)	(61, 0.0)	(62, 0.00246607)	(63, 0.0)	(64, 1.10487e-06)	(65, 0.0)	(66, 0.000370131)	(67, 4.0880099999999995e-05)	(68, 1.5468200000000002e-05)	(69, 0.0)	(70, 0.0)	(71, 0.0)	(72, 0.0)	(73, 0.0)	(74, 0.0)	(75, 0.0)	(76, 0.0)	(77, 0.0)	(78, 0.0)	(79, 0.000104962)	(80, 0.0)	(81, 0.0)	(82, 0.0)	(83, 0.0)	(84, 2.20974e-06)	(85, 2.6516799999999997e-05)	(86, 0.0)	(87, 0.00236221)	(88, 3.31461e-05)	(89, 0.000140318)	(90, 0.000215449)	(91, 0.000643033)	(92, 1.5468200000000002e-05)	(93, 1.10487e-05)	(94, 1.10487e-06)	(95, 0.0)	(96, 0.0)	(97, 0.0)	(98, 0.0)	(99, 0.0)	(100, 0.0)	(101, 0.0)	(102, 0.0)	(103, 0.0)	(104, 8.72846e-05)	(105, 1.10487e-06)	(106, 4.0880099999999995e-05)	(107, 2.43071e-05)	(108, 6.0767800000000005e-05)	(109, 1.3258399999999998e-05)	(110, 1.3258399999999998e-05)	(111, 0.00010606700000000001)	(112, 0.000320412)	(113, 0.00199318)	(114, 9.83333e-05)	(115, 0.000173464)	(116, 8.065540000000001e-05)	(117, 1.5468200000000002e-05)	(118, 0.0)	(119, 6.62921e-06)	(120, 0.0)	(121, 0.0)	(122, 0.0)	(123, 0.0)	(124, 0.0)	(125, 0.0)	(126, 0.0)	(127, 1.10487e-05)	(128, 0.0)	(129, 0.0)	(130, 0.00015689099999999999)	(131, 0.0)	(132, 2.32022e-05)	(133, 1.76779e-05)	(134, 5.52434e-06)	(135, 0.000177884)	(136, 0.00130706)	(137, 3.97753e-05)	(138, 0.00405266)	(139, 6.40824e-05)	(140, 0.000300524)	(141, 0.00036018700000000004)	(142, 5.52434e-06)	(143, 0.0)	(144, 0.0)	(145, 0.0)	(146, 0.0)	(147, 1.76779e-05)	(148, 0.0)	(149, 1.10487e-06)	(150, 0.0)	(151, 0.0)
