Sample	0	1	2	3	4	5	6	7	8	9	10	11	12	13	14	15	16	17	18	19	20	21	22	23	24	25	26	27	28	29	30	31	32	33	34	35	36	37	38	39	40	41	42	43	44	45	46	47	48	49	50	51	52	53	54	55	56	57	58	59	60	61	62	63	64	65	66	67	68	69	70	71	72	73	74	75	76	77	78	79	80	81	82	83	84	85	86	87	88	89	90	91	92	93	94	95	96	97	98	99	100	101	102	103	104	105	106	107	108	109	110	111	112	113	114	115	116	117	118	119	120	121	122	123	124	125	126	127	128	129	130	131	132	133	134	135	136	137	138	139	140	141	142	143	144	145	146	147	148	149	150
SRR10089413_1	(1, 77.0392)	(2, 57.2171)	(3, 59.768699999999995)	(4, 57.1724)	(5, 54.2048)	(6, 52.7559)	(7, 48.0748)	(8, 59.648199999999996)	(9, 58.46789999999999)	(10, 48.9411)	(11, 62.4419)	(12, 58.484100000000005)	(13, 54.0737)	(14, 55.720400000000005)	(15, 56.86259999999999)	(16, 56.4427)	(17, 57.03)	(18, 57.12429999999999)	(19, 57.07640000000001)	(20, 57.162800000000004)	(21, 56.362)	(22, 56.39189999999999)	(23, 56.5369)	(24, 56.515)	(25, 56.776)	(26, 56.6697)	(27, 56.8786)	(28, 56.916999999999994)	(29, 57.446)	(30, 56.5944)	(31, 56.2487)	(32, 56.0248)	(33, 56.4226)	(34, 56.2963)	(35, 56.421299999999995)	(36, 57.0462)	(37, 56.5544)	(38, 56.7644)	(39, 57.011100000000006)	(40, 56.8485)	(41, 57.023500000000006)	(42, 56.7158)	(43, 56.6464)	(44, 57.0292)	(45, 56.6202)	(46, 56.987)	(47, 56.737)	(48, 56.9226)	(49, 57.262)	(50, 57.3824)	(51, 57.5614)	(52, 57.10960000000001)	(53, 56.7941)	(54, 57.29070000000001)	(55, 57.0292)	(56, 57.321299999999994)	(57, 57.131)	(58, 56.548)	(59, 56.9689)	(60, 56.2717)	(61, 57.0028)	(62, 57.0801)	(63, 56.5712)	(64, 57.4751)	(65, 57.038199999999996)	(66, 57.3037)	(67, 57.4415)	(68, 57.018299999999996)	(69, 57.257400000000004)	(70, 57.19990000000001)	(71, 56.7303)	(72, 56.671400000000006)	(73, 56.968700000000005)	(74, 57.3845)	(75, 57.467800000000004)	(76, 57.1874)	(77, 57.08259999999999)	(78, 57.3476)	(79, 57.1617)	(80, 57.4474)	(81, 57.4959)	(82, 57.22429999999999)	(83, 57.2793)	(84, 57.215700000000005)	(85, 57.1345)	(86, 57.263799999999996)	(87, 57.03)	(88, 57.2202)	(89, 57.448100000000004)	(90, 57.116699999999994)	(91, 57.1461)	(92, 57.301199999999994)	(93, 57.2566)	(94, 56.9862)	(95, 57.0117)	(96, 57.404599999999995)	(97, 57.3558)	(98, 57.4396)	(99, 57.21770000000001)	(100, 56.6448)	(101, 57.1568)	(102, 57.42509999999999)	(103, 57.483399999999996)	(104, 57.06830000000001)	(105, 56.99720000000001)	(106, 57.4253)	(107, 57.5045)	(108, 57.5127)	(109, 57.5867)	(110, 57.2159)	(111, 57.045100000000005)	(112, 56.882)	(113, 57.4355)	(114, 57.2276)	(115, 56.879900000000006)	(116, 57.150800000000004)	(117, 57.5113)	(118, 57.2165)	(119, 57.3202)	(120, 57.541)	(121, 57.469899999999996)	(122, 56.785799999999995)	(123, 57.0342)	(124, 57.0736)	(125, 57.108599999999996)	(126, 57.3462)	(127, 57.4686)	(128, 57.52850000000001)	(129, 57.31810000000001)	(130, 57.6568)	(131, 57.519600000000004)	(132, 57.141600000000004)	(133, 57.459700000000005)	(134, 57.4723)	(135, 58.058699999999995)	(136, 58.357899999999994)	(137, 57.8955)	(138, 57.6207)	(139, 57.6694)	(140, 57.87910000000001)	(141, 58.042300000000004)	(142, 57.88290000000001)	(143, 57.6275)	(144, 57.507600000000004)	(145, 57.986000000000004)	(146, 58.4121)	(147, 58.3742)	(148, 58.3349)	(149, 58.2386)	(150, 58.2784)	(151, 58.4657)
SRR10089428_1	(1, 76.36619999999999)	(2, 55.74829999999999)	(3, 58.157000000000004)	(4, 55.3817)	(5, 52.1628)	(6, 51.2379)	(7, 44.2415)	(8, 57.0345)	(9, 56.1307)	(10, 46.2481)	(11, 59.678200000000004)	(12, 55.924600000000005)	(13, 51.631499999999996)	(14, 53.1317)	(15, 54.402300000000004)	(16, 53.912499999999994)	(17, 54.249)	(18, 54.515800000000006)	(19, 54.3598)	(20, 54.715599999999995)	(21, 53.933)	(22, 53.7628)	(23, 53.7581)	(24, 53.9602)	(25, 54.101299999999995)	(26, 53.9547)	(27, 54.24909999999999)	(28, 54.3111)	(29, 54.80969999999999)	(30, 54.244899999999994)	(31, 53.724000000000004)	(32, 53.7106)	(33, 53.9366)	(34, 53.7902)	(35, 53.852)	(36, 54.469500000000004)	(37, 53.894600000000004)	(38, 54.283300000000004)	(39, 54.4709)	(40, 54.21169999999999)	(41, 54.297)	(42, 54.0964)	(43, 53.8445)	(44, 54.4486)	(45, 53.9314)	(46, 54.3187)	(47, 54.0127)	(48, 54.358700000000006)	(49, 54.521699999999996)	(50, 54.7883)	(51, 54.864900000000006)	(52, 54.5103)	(53, 54.0987)	(54, 54.6732)	(55, 54.333)	(56, 54.580600000000004)	(57, 54.431200000000004)	(58, 54.0195)	(59, 54.3316)	(60, 53.8167)	(61, 54.4153)	(62, 54.5077)	(63, 54.0923)	(64, 55.0113)	(65, 54.4487)	(66, 54.731399999999994)	(67, 54.8638)	(68, 54.3886)	(69, 54.7887)	(70, 54.6933)	(71, 54.0366)	(72, 54.1261)	(73, 54.4007)	(74, 54.74869999999999)	(75, 54.700700000000005)	(76, 54.443299999999994)	(77, 54.5034)	(78, 54.7921)	(79, 54.5934)	(80, 54.9068)	(81, 54.9323)	(82, 54.8167)	(83, 54.848600000000005)	(84, 54.655699999999996)	(85, 54.657500000000006)	(86, 54.7813)	(87, 54.6125)	(88, 54.5625)	(89, 54.8959)	(90, 54.641600000000004)	(91, 54.6581)	(92, 54.831799999999994)	(93, 54.821200000000005)	(94, 54.5195)	(95, 54.2573)	(96, 54.880399999999995)	(97, 54.8993)	(98, 54.9109)	(99, 54.7365)	(100, 54.2476)	(101, 54.6875)	(102, 54.9257)	(103, 54.961499999999994)	(104, 54.43)	(105, 54.4799)	(106, 54.714200000000005)	(107, 54.929399999999994)	(108, 54.9701)	(109, 54.904799999999994)	(110, 54.666000000000004)	(111, 54.603500000000004)	(112, 54.4547)	(113, 54.837)	(114, 54.847699999999996)	(115, 54.4314)	(116, 54.432100000000005)	(117, 54.95870000000001)	(118, 54.802499999999995)	(119, 54.634899999999995)	(120, 54.8811)	(121, 55.0743)	(122, 54.275600000000004)	(123, 54.5603)	(124, 54.5077)	(125, 54.6655)	(126, 54.799299999999995)	(127, 54.7887)	(128, 54.962)	(129, 54.64639999999999)	(130, 55.0189)	(131, 54.9049)	(132, 54.598400000000005)	(133, 54.864000000000004)	(134, 54.785700000000006)	(135, 55.3497)	(136, 55.4776)	(137, 55.05)	(138, 54.8473)	(139, 54.8007)	(140, 54.91780000000001)	(141, 55.098800000000004)	(142, 55.0416)	(143, 54.6627)	(144, 54.61129999999999)	(145, 55.0712)	(146, 55.2403)	(147, 55.2813)	(148, 55.1848)	(149, 55.2136)	(150, 55.0481)	(151, 55.214)
SRR10089431_1	(1, 77.5736)	(2, 59.3839)	(3, 60.361399999999996)	(4, 57.220499999999994)	(5, 53.2336)	(6, 51.8175)	(7, 44.1736)	(8, 56.1913)	(9, 56.3721)	(10, 46.5001)	(11, 59.1612)	(12, 56.0427)	(13, 51.7686)	(14, 53.083400000000005)	(15, 54.40970000000001)	(16, 53.8519)	(17, 54.4316)	(18, 54.5289)	(19, 54.5296)	(20, 54.95870000000001)	(21, 54.000800000000005)	(22, 53.910199999999996)	(23, 53.854800000000004)	(24, 54.1692)	(25, 54.12670000000001)	(26, 54.0639)	(27, 54.2968)	(28, 54.408199999999994)	(29, 55.0632)	(30, 54.4485)	(31, 53.9481)	(32, 53.8717)	(33, 54.21169999999999)	(34, 53.8517)	(35, 54.018)	(36, 54.611200000000004)	(37, 54.0214)	(38, 54.574999999999996)	(39, 54.799200000000006)	(40, 54.37610000000001)	(41, 54.4363)	(42, 54.1875)	(43, 54.1394)	(44, 54.70270000000001)	(45, 54.079100000000004)	(46, 54.349199999999996)	(47, 54.153)	(48, 54.418)	(49, 54.7389)	(50, 54.917)	(51, 55.2655)	(52, 54.7461)	(53, 54.449999999999996)	(54, 54.8578)	(55, 54.585300000000004)	(56, 54.7706)	(57, 54.72280000000001)	(58, 54.2674)	(59, 54.568799999999996)	(60, 53.772200000000005)	(61, 54.3466)	(62, 54.540200000000006)	(63, 54.107000000000006)	(64, 55.0266)	(65, 54.67530000000001)	(66, 54.80500000000001)	(67, 55.0783)	(68, 54.6314)	(69, 55.0694)	(70, 55.046099999999996)	(71, 54.5527)	(72, 54.4037)	(73, 54.56530000000001)	(74, 54.8699)	(75, 54.901199999999996)	(76, 54.54259999999999)	(77, 54.6922)	(78, 54.9415)	(79, 54.803000000000004)	(80, 55.1155)	(81, 55.077799999999996)	(82, 55.0241)	(83, 55.149499999999996)	(84, 54.8662)	(85, 54.9935)	(86, 54.994)	(87, 54.6512)	(88, 54.68690000000001)	(89, 54.9526)	(90, 54.701100000000004)	(91, 54.8184)	(92, 54.8849)	(93, 54.9037)	(94, 54.5132)	(95, 54.4287)	(96, 54.9244)	(97, 54.978899999999996)	(98, 55.0948)	(99, 54.9229)	(100, 54.325500000000005)	(101, 54.8389)	(102, 55.0737)	(103, 55.103500000000004)	(104, 54.5841)	(105, 54.609700000000004)	(106, 54.9656)	(107, 55.16720000000001)	(108, 55.2759)	(109, 55.074400000000004)	(110, 54.7355)	(111, 54.6188)	(112, 54.585300000000004)	(113, 54.8763)	(114, 54.8694)	(115, 54.509600000000006)	(116, 54.473800000000004)	(117, 55.1177)	(118, 54.8812)	(119, 54.669000000000004)	(120, 54.8604)	(121, 55.030100000000004)	(122, 54.3833)	(123, 54.6044)	(124, 54.380399999999995)	(125, 54.578700000000005)	(126, 54.8125)	(127, 54.7058)	(128, 54.8854)	(129, 54.3743)	(130, 54.860600000000005)	(131, 54.7366)	(132, 54.4512)	(133, 54.7172)	(134, 54.7225)	(135, 55.2619)	(136, 55.399100000000004)	(137, 55.10620000000001)	(138, 54.831700000000005)	(139, 54.76259999999999)	(140, 54.863099999999996)	(141, 55.1006)	(142, 54.957100000000004)	(143, 54.62669999999999)	(144, 54.5215)	(145, 55.0861)	(146, 55.147999999999996)	(147, 55.16609999999999)	(148, 55.095400000000005)	(149, 55.257)	(150, 54.9189)	(151, 55.2091)
SRR10089494_1	(1, 77.1872)	(2, 58.8586)	(3, 59.9935)	(4, 56.572)	(5, 52.564)	(6, 51.0922)	(7, 43.2904)	(8, 54.9166)	(9, 55.397600000000004)	(10, 45.6491)	(11, 58.0329)	(12, 55.34329999999999)	(13, 50.9549)	(14, 52.144800000000004)	(15, 53.520599999999995)	(16, 52.9489)	(17, 53.5563)	(18, 53.6672)	(19, 53.6554)	(20, 54.036300000000004)	(21, 53.1841)	(22, 53.0241)	(23, 53.015)	(24, 53.2721)	(25, 53.159)	(26, 53.176100000000005)	(27, 53.4247)	(28, 53.4918)	(29, 54.16649999999999)	(30, 53.6197)	(31, 53.154500000000006)	(32, 53.0424)	(33, 53.3088)	(34, 52.9501)	(35, 53.197300000000006)	(36, 53.6836)	(37, 53.1691)	(38, 53.674699999999994)	(39, 53.831399999999995)	(40, 53.6774)	(41, 53.585300000000004)	(42, 53.4901)	(43, 53.350699999999996)	(44, 53.77459999999999)	(45, 53.2984)	(46, 53.4582)	(47, 53.3374)	(48, 53.630599999999994)	(49, 53.821200000000005)	(50, 54.0401)	(51, 54.2298)	(52, 53.7918)	(53, 53.68039999999999)	(54, 53.977399999999996)	(55, 53.67229999999999)	(56, 53.8327)	(57, 53.878499999999995)	(58, 53.50319999999999)	(59, 53.683899999999994)	(60, 53.0876)	(61, 53.4979)	(62, 53.6558)	(63, 53.3034)	(64, 54.069)	(65, 53.7181)	(66, 53.957100000000004)	(67, 54.1516)	(68, 53.7495)	(69, 54.174)	(70, 54.1688)	(71, 53.7284)	(72, 53.5656)	(73, 53.691)	(74, 53.9502)	(75, 53.927)	(76, 53.704499999999996)	(77, 53.7686)	(78, 54.0041)	(79, 53.9439)	(80, 54.1648)	(81, 54.148799999999994)	(82, 54.117599999999996)	(83, 54.129000000000005)	(84, 53.93639999999999)	(85, 53.9748)	(86, 53.9996)	(87, 53.833)	(88, 53.919700000000006)	(89, 54.045500000000004)	(90, 53.8441)	(91, 53.8886)	(92, 53.9817)	(93, 54.0281)	(94, 53.6424)	(95, 53.63719999999999)	(96, 53.9212)	(97, 54.0198)	(98, 54.133399999999995)	(99, 54.049899999999994)	(100, 53.572399999999995)	(101, 53.9366)	(102, 54.144000000000005)	(103, 54.1727)	(104, 53.8176)	(105, 53.7095)	(106, 54.0087)	(107, 54.1081)	(108, 54.2749)	(109, 54.137800000000006)	(110, 53.829499999999996)	(111, 53.7619)	(112, 53.6611)	(113, 53.9072)	(114, 53.8883)	(115, 53.5266)	(116, 53.5485)	(117, 54.021699999999996)	(118, 53.8594)	(119, 53.6869)	(120, 53.8849)	(121, 53.9404)	(122, 53.4331)	(123, 53.6021)	(124, 53.4604)	(125, 53.5176)	(126, 53.8258)	(127, 53.7234)	(128, 53.7853)	(129, 53.4358)	(130, 53.811299999999996)	(131, 53.684799999999996)	(132, 53.4069)	(133, 53.572900000000004)	(134, 53.6995)	(135, 54.0706)	(136, 54.2807)	(137, 54.037400000000005)	(138, 53.84910000000001)	(139, 53.790400000000005)	(140, 53.8267)	(141, 54.047900000000006)	(142, 53.8118)	(143, 53.6084)	(144, 53.4641)	(145, 53.907000000000004)	(146, 54.0092)	(147, 53.944)	(148, 53.879999999999995)	(149, 54.0526)	(150, 53.8188)	(151, 54.03790000000001)
SRR10089503_1	(1, 77.532)	(2, 59.614999999999995)	(3, 60.695100000000004)	(4, 57.410700000000006)	(5, 53.32)	(6, 51.9118)	(7, 43.538700000000006)	(8, 55.3239)	(9, 55.852999999999994)	(10, 46.2997)	(11, 58.825)	(12, 55.8099)	(13, 51.5835)	(14, 52.859100000000005)	(15, 54.218500000000006)	(16, 53.69350000000001)	(17, 54.0045)	(18, 54.208800000000004)	(19, 54.2427)	(20, 54.711600000000004)	(21, 53.919200000000004)	(22, 53.712)	(23, 53.55799999999999)	(24, 53.9195)	(25, 53.8686)	(26, 53.827400000000004)	(27, 54.114799999999995)	(28, 54.078)	(29, 54.79730000000001)	(30, 54.29730000000001)	(31, 53.7176)	(32, 53.7994)	(33, 53.99699999999999)	(34, 53.69969999999999)	(35, 53.80009999999999)	(36, 54.3825)	(37, 53.836)	(38, 54.3955)	(39, 54.5755)	(40, 54.1828)	(41, 54.148700000000005)	(42, 53.8811)	(43, 53.8127)	(44, 54.4469)	(45, 53.843799999999995)	(46, 54.093)	(47, 53.8339)	(48, 54.13400000000001)	(49, 54.413900000000005)	(50, 54.6612)	(51, 54.9813)	(52, 54.6297)	(53, 54.20270000000001)	(54, 54.605199999999996)	(55, 54.244499999999995)	(56, 54.50319999999999)	(57, 54.4422)	(58, 54.038399999999996)	(59, 54.3473)	(60, 53.6264)	(61, 54.0952)	(62, 54.2547)	(63, 53.8686)	(64, 54.78039999999999)	(65, 54.5103)	(66, 54.64750000000001)	(67, 55.042899999999996)	(68, 54.461099999999995)	(69, 54.8192)	(70, 54.919399999999996)	(71, 54.3126)	(72, 54.264)	(73, 54.466)	(74, 54.6438)	(75, 54.66609999999999)	(76, 54.352599999999995)	(77, 54.4564)	(78, 54.7837)	(79, 54.573899999999995)	(80, 54.8589)	(81, 54.7548)	(82, 54.921600000000005)	(83, 54.97410000000001)	(84, 54.711299999999994)	(85, 54.8638)	(86, 54.884100000000004)	(87, 54.6125)	(88, 54.6369)	(89, 54.8508)	(90, 54.6461)	(91, 54.8245)	(92, 54.854099999999995)	(93, 54.888999999999996)	(94, 54.5309)	(95, 54.2551)	(96, 54.7611)	(97, 54.8833)	(98, 55.042)	(99, 54.9484)	(100, 54.453799999999994)	(101, 54.856899999999996)	(102, 55.0369)	(103, 54.952)	(104, 54.48030000000001)	(105, 54.5343)	(106, 54.858799999999995)	(107, 55.153200000000005)	(108, 55.225199999999994)	(109, 55.0426)	(110, 54.7956)	(111, 54.629000000000005)	(112, 54.606500000000004)	(113, 54.8224)	(114, 54.8143)	(115, 54.5493)	(116, 54.3666)	(117, 55.0709)	(118, 54.94520000000001)	(119, 54.6022)	(120, 54.8795)	(121, 54.946600000000004)	(122, 54.4123)	(123, 54.6231)	(124, 54.3934)	(125, 54.5784)	(126, 54.764500000000005)	(127, 54.5941)	(128, 54.7729)	(129, 54.424499999999995)	(130, 54.737100000000005)	(131, 54.6747)	(132, 54.4326)	(133, 54.614)	(134, 54.5492)	(135, 55.083499999999994)	(136, 55.2681)	(137, 54.8874)	(138, 54.7932)	(139, 54.6818)	(140, 54.6755)	(141, 54.9566)	(142, 54.72749999999999)	(143, 54.4211)	(144, 54.284299999999995)	(145, 54.7527)	(146, 54.87499999999999)	(147, 54.8948)	(148, 54.71040000000001)	(149, 54.9979)	(150, 54.71359999999999)	(151, 54.9631)
SRR10089583_1	(1, 79.8544)	(2, 63.541000000000004)	(3, 63.708200000000005)	(4, 60.2244)	(5, 55.957100000000004)	(6, 54.411500000000004)	(7, 45.464)	(8, 57.2346)	(9, 57.7012)	(10, 47.9268)	(11, 60.2645)	(12, 58.0449)	(13, 53.8915)	(14, 55.1025)	(15, 56.3865)	(16, 55.8196)	(17, 56.478300000000004)	(18, 56.6049)	(19, 56.430899999999994)	(20, 56.9183)	(21, 56.0521)	(22, 55.8709)	(23, 55.9605)	(24, 56.247800000000005)	(25, 55.8763)	(26, 55.969800000000006)	(27, 56.1261)	(28, 56.178200000000004)	(29, 57.0362)	(30, 56.4144)	(31, 56.0636)	(32, 55.826)	(33, 56.0979)	(34, 55.753600000000006)	(35, 56.0526)	(36, 56.528800000000004)	(37, 55.9024)	(38, 56.4954)	(39, 56.6852)	(40, 56.5079)	(41, 56.53660000000001)	(42, 56.4259)	(43, 56.0103)	(44, 56.710300000000004)	(45, 56.0241)	(46, 56.25639999999999)	(47, 56.084)	(48, 56.487500000000004)	(49, 56.6248)	(50, 56.996199999999995)	(51, 57.0526)	(52, 56.520700000000005)	(53, 56.4594)	(54, 56.855900000000005)	(55, 56.5126)	(56, 56.8099)	(57, 56.76)	(58, 56.298)	(59, 56.5055)	(60, 55.9175)	(61, 56.44820000000001)	(62, 56.501000000000005)	(63, 56.140100000000004)	(64, 57.029799999999994)	(65, 56.6395)	(66, 57.0343)	(67, 57.174899999999994)	(68, 56.64900000000001)	(69, 57.1114)	(70, 57.071400000000004)	(71, 56.481300000000005)	(72, 56.238)	(73, 56.4278)	(74, 56.93620000000001)	(75, 56.826100000000004)	(76, 56.605199999999996)	(77, 56.6001)	(78, 56.8355)	(79, 56.775)	(80, 57.194199999999995)	(81, 57.259899999999995)	(82, 57.167)	(83, 57.1267)	(84, 56.9128)	(85, 56.649300000000004)	(86, 56.949099999999994)	(87, 56.8292)	(88, 56.9562)	(89, 57.1487)	(90, 56.86409999999999)	(91, 56.795899999999996)	(92, 56.9642)	(93, 56.9152)	(94, 56.671499999999995)	(95, 56.6073)	(96, 56.9384)	(97, 57.036500000000004)	(98, 57.117200000000004)	(99, 56.8859)	(100, 56.476800000000004)	(101, 56.9157)	(102, 57.0794)	(103, 57.291000000000004)	(104, 56.9437)	(105, 56.603)	(106, 56.8153)	(107, 57.008)	(108, 57.2312)	(109, 57.07640000000001)	(110, 56.7515)	(111, 56.94200000000001)	(112, 56.4336)	(113, 56.8906)	(114, 57.040800000000004)	(115, 56.36750000000001)	(116, 56.4239)	(117, 56.895300000000006)	(118, 56.6764)	(119, 56.713499999999996)	(120, 56.8222)	(121, 57.014399999999995)	(122, 56.363600000000005)	(123, 56.334799999999994)	(124, 56.3399)	(125, 56.32040000000001)	(126, 56.7033)	(127, 56.7175)	(128, 56.682)	(129, 56.3176)	(130, 56.8018)	(131, 56.7207)	(132, 56.3102)	(133, 56.361399999999996)	(134, 56.370799999999996)	(135, 56.8715)	(136, 57.0281)	(137, 57.04169999999999)	(138, 56.882)	(139, 56.708400000000005)	(140, 56.7631)	(141, 56.98)	(142, 56.6357)	(143, 56.4879)	(144, 56.251799999999996)	(145, 56.7149)	(146, 56.7634)	(147, 56.810300000000005)	(148, 56.7017)	(149, 57.0477)	(150, 56.8331)	(151, 56.981700000000004)
SRR10089589_1	(1, 79.1032)	(2, 62.337900000000005)	(3, 62.8673)	(4, 59.3933)	(5, 56.0948)	(6, 53.8451)	(7, 49.1267)	(8, 59.9293)	(9, 59.8072)	(10, 49.4078)	(11, 62.712900000000005)	(12, 59.757099999999994)	(13, 55.2458)	(14, 56.6168)	(15, 57.9769)	(16, 57.348600000000005)	(17, 58.060599999999994)	(18, 58.2944)	(19, 58.228100000000005)	(20, 58.5017)	(21, 57.4839)	(22, 57.432300000000005)	(23, 57.6956)	(24, 57.552099999999996)	(25, 57.71340000000001)	(26, 57.7726)	(27, 57.816100000000006)	(28, 57.885600000000004)	(29, 58.6164)	(30, 57.83819999999999)	(31, 57.4666)	(32, 57.255199999999995)	(33, 57.5671)	(34, 57.326600000000006)	(35, 57.509100000000004)	(36, 58.228500000000004)	(37, 57.7225)	(38, 58.0102)	(39, 58.1444)	(40, 58.0144)	(41, 58.2641)	(42, 57.94010000000001)	(43, 57.720499999999994)	(44, 58.2966)	(45, 57.6028)	(46, 58.1056)	(47, 57.8447)	(48, 58.04820000000001)	(49, 58.3428)	(50, 58.5355)	(51, 58.6847)	(52, 58.08)	(53, 57.895700000000005)	(54, 58.396899999999995)	(55, 58.2255)	(56, 58.566300000000005)	(57, 58.3803)	(58, 57.8096)	(59, 58.118)	(60, 57.369899999999994)	(61, 58.0643)	(62, 58.142)	(63, 57.60380000000001)	(64, 58.64620000000001)	(65, 58.272)	(66, 58.475)	(67, 58.6652)	(68, 58.2324)	(69, 58.530300000000004)	(70, 58.4858)	(71, 58.0348)	(72, 57.8515)	(73, 58.1632)	(74, 58.5103)	(75, 58.5555)	(76, 58.2966)	(77, 58.158)	(78, 58.3587)	(79, 58.2098)	(80, 58.724900000000005)	(81, 58.6233)	(82, 58.3588)	(83, 58.427099999999996)	(84, 58.4063)	(85, 58.2962)	(86, 58.336299999999994)	(87, 58.1636)	(88, 58.4827)	(89, 58.7478)	(90, 58.2156)	(91, 58.298)	(92, 58.438599999999994)	(93, 58.3715)	(94, 58.1199)	(95, 58.1948)	(96, 58.4413)	(97, 58.5829)	(98, 58.7674)	(99, 58.52929999999999)	(100, 57.90539999999999)	(101, 58.376799999999996)	(102, 58.4887)	(103, 58.69950000000001)	(104, 58.411199999999994)	(105, 58.1287)	(106, 58.502500000000005)	(107, 58.702600000000004)	(108, 58.774499999999996)	(109, 58.88139999999999)	(110, 58.526900000000005)	(111, 58.40109999999999)	(112, 58.0666)	(113, 58.55820000000001)	(114, 58.516400000000004)	(115, 57.9259)	(116, 58.26480000000001)	(117, 58.7348)	(118, 58.2981)	(119, 58.4912)	(120, 58.658)	(121, 58.613899999999994)	(122, 57.926500000000004)	(123, 58.006800000000005)	(124, 58.0828)	(125, 58.17909999999999)	(126, 58.448299999999996)	(127, 58.641200000000005)	(128, 58.606700000000004)	(129, 58.337300000000006)	(130, 58.6875)	(131, 58.6325)	(132, 58.3337)	(133, 58.3149)	(134, 58.4119)	(135, 58.920899999999996)	(136, 59.303700000000006)	(137, 59.031299999999995)	(138, 58.791199999999996)	(139, 58.73199999999999)	(140, 58.8885)	(141, 59.0791)	(142, 58.8875)	(143, 58.6464)	(144, 58.438199999999995)	(145, 58.706)	(146, 59.1947)	(147, 59.279)	(148, 59.144)	(149, 59.0912)	(150, 59.063)	(151, 59.2732)
SRR10089616_1	(1, 77.75609999999999)	(2, 59.386700000000005)	(3, 60.0903)	(4, 56.6016)	(5, 52.880799999999994)	(6, 51.1442)	(7, 44.6313)	(8, 56.152)	(9, 55.9206)	(10, 45.803399999999996)	(11, 59.199)	(12, 56.1088)	(13, 51.7108)	(14, 52.992799999999995)	(15, 54.29580000000001)	(16, 53.783899999999996)	(17, 54.3508)	(18, 54.6099)	(19, 54.5025)	(20, 54.8791)	(21, 53.9222)	(22, 53.7928)	(23, 53.8709)	(24, 53.934099999999994)	(25, 54.0046)	(26, 53.9473)	(27, 54.176199999999994)	(28, 54.2125)	(29, 54.9563)	(30, 54.2967)	(31, 53.819799999999994)	(32, 53.748200000000004)	(33, 53.9172)	(34, 53.722300000000004)	(35, 53.8991)	(36, 54.48929999999999)	(37, 53.9353)	(38, 54.359199999999994)	(39, 54.4766)	(40, 54.3165)	(41, 54.3891)	(42, 54.1393)	(43, 53.904399999999995)	(44, 54.49699999999999)	(45, 53.855)	(46, 54.221399999999996)	(47, 53.9652)	(48, 54.251799999999996)	(49, 54.5429)	(50, 54.81510000000001)	(51, 54.871199999999995)	(52, 54.461499999999994)	(53, 54.2312)	(54, 54.676899999999996)	(55, 54.3612)	(56, 54.60810000000001)	(57, 54.4459)	(58, 54.0828)	(59, 54.386199999999995)	(60, 53.8151)	(61, 54.3282)	(62, 54.461800000000004)	(63, 53.98929999999999)	(64, 54.9883)	(65, 54.5296)	(66, 54.72280000000001)	(67, 54.9343)	(68, 54.4617)	(69, 54.895300000000006)	(70, 54.7728)	(71, 54.130500000000005)	(72, 54.119099999999996)	(73, 54.3952)	(74, 54.733399999999996)	(75, 54.6855)	(76, 54.428399999999996)	(77, 54.42360000000001)	(78, 54.6778)	(79, 54.567299999999996)	(80, 55.020199999999996)	(81, 54.87610000000001)	(82, 54.8762)	(83, 54.8354)	(84, 54.6236)	(85, 54.6956)	(86, 54.7519)	(87, 54.6039)	(88, 54.59270000000001)	(89, 54.9152)	(90, 54.5663)	(91, 54.6928)	(92, 54.8224)	(93, 54.7692)	(94, 54.5123)	(95, 54.3451)	(96, 54.754400000000004)	(97, 54.8777)	(98, 54.911100000000005)	(99, 54.7388)	(100, 54.2808)	(101, 54.7181)	(102, 54.944199999999995)	(103, 54.9998)	(104, 54.5697)	(105, 54.4134)	(106, 54.736799999999995)	(107, 54.952999999999996)	(108, 54.955200000000005)	(109, 54.9627)	(110, 54.656499999999994)	(111, 54.6275)	(112, 54.437599999999996)	(113, 54.825)	(114, 54.793000000000006)	(115, 54.254999999999995)	(116, 54.38269999999999)	(117, 54.7889)	(118, 54.6687)	(119, 54.5395)	(120, 54.7076)	(121, 54.8381)	(122, 54.2168)	(123, 54.4108)	(124, 54.2964)	(125, 54.4766)	(126, 54.6054)	(127, 54.6036)	(128, 54.79540000000001)	(129, 54.467200000000005)	(130, 54.794399999999996)	(131, 54.757)	(132, 54.423500000000004)	(133, 54.612300000000005)	(134, 54.5218)	(135, 55.0107)	(136, 55.2484)	(137, 54.855399999999996)	(138, 54.741099999999996)	(139, 54.6558)	(140, 54.7644)	(141, 54.88380000000001)	(142, 54.740100000000005)	(143, 54.45290000000001)	(144, 54.327099999999994)	(145, 54.7135)	(146, 54.974500000000006)	(147, 55.0389)	(148, 54.830400000000004)	(149, 54.9377)	(150, 54.7613)	(151, 54.992200000000004)
SRR10089670_1	(1, 75.1345)	(2, 57.586400000000005)	(3, 57.8)	(4, 55.596599999999995)	(5, 52.3412)	(6, 51.6956)	(7, 45.0399)	(8, 57.9029)	(9, 57.2712)	(10, 46.6126)	(11, 60.4327)	(12, 56.2523)	(13, 51.6416)	(14, 53.4254)	(15, 54.8119)	(16, 54.1281)	(17, 54.883)	(18, 54.946799999999996)	(19, 54.9305)	(20, 55.394600000000004)	(21, 54.138799999999996)	(22, 54.168499999999995)	(23, 54.0127)	(24, 54.3508)	(25, 54.4291)	(26, 54.37)	(27, 54.6898)	(28, 54.7312)	(29, 55.366400000000006)	(30, 54.5232)	(31, 54.0766)	(32, 54.1023)	(33, 54.321299999999994)	(34, 54.13210000000001)	(35, 54.274100000000004)	(36, 54.91930000000001)	(37, 54.3072)	(38, 54.773300000000006)	(39, 54.9049)	(40, 54.4555)	(41, 54.701)	(42, 54.356700000000004)	(43, 54.3718)	(44, 54.893899999999995)	(45, 54.3435)	(46, 54.72050000000001)	(47, 54.58579999999999)	(48, 54.7327)	(49, 55.10850000000001)	(50, 55.1947)	(51, 55.547999999999995)	(52, 55.0128)	(53, 54.57490000000001)	(54, 55.1174)	(55, 54.6864)	(56, 54.9729)	(57, 55.0215)	(58, 54.391999999999996)	(59, 54.884)	(60, 54.050799999999995)	(61, 54.483599999999996)	(62, 54.8364)	(63, 54.344)	(64, 55.2947)	(65, 54.9181)	(66, 55.00429999999999)	(67, 55.3356)	(68, 54.900000000000006)	(69, 55.3138)	(70, 55.20929999999999)	(71, 54.8185)	(72, 54.705999999999996)	(73, 54.874199999999995)	(74, 55.293800000000005)	(75, 55.197399999999995)	(76, 54.765699999999995)	(77, 55.06490000000001)	(78, 55.211)	(79, 54.9854)	(80, 55.409200000000006)	(81, 55.19579999999999)	(82, 55.167100000000005)	(83, 55.4196)	(84, 55.0358)	(85, 55.310199999999995)	(86, 55.252100000000006)	(87, 54.670399999999994)	(88, 54.8009)	(89, 55.149800000000006)	(90, 54.827099999999994)	(91, 54.9314)	(92, 55.1468)	(93, 55.0353)	(94, 54.630500000000005)	(95, 54.5703)	(96, 55.161)	(97, 55.2279)	(98, 55.289699999999996)	(99, 55.114799999999995)	(100, 54.439499999999995)	(101, 55.1322)	(102, 55.2825)	(103, 55.2817)	(104, 54.72089999999999)	(105, 54.824600000000004)	(106, 55.317499999999995)	(107, 55.4638)	(108, 55.3644)	(109, 55.1411)	(110, 54.951499999999996)	(111, 54.657)	(112, 54.7918)	(113, 54.966499999999996)	(114, 54.89190000000001)	(115, 54.514700000000005)	(116, 54.6971)	(117, 55.378499999999995)	(118, 54.8965)	(119, 54.7624)	(120, 54.9809)	(121, 55.0122)	(122, 54.2539)	(123, 54.5867)	(124, 54.6083)	(125, 54.75299999999999)	(126, 54.981700000000004)	(127, 54.8517)	(128, 54.9799)	(129, 54.404799999999994)	(130, 54.9849)	(131, 54.8081)	(132, 54.5079)	(133, 54.8296)	(134, 55.020199999999996)	(135, 55.489200000000004)	(136, 55.4709)	(137, 54.99699999999999)	(138, 54.6991)	(139, 54.6346)	(140, 54.873099999999994)	(141, 55.1288)	(142, 55.0598)	(143, 54.7086)	(144, 54.6569)	(145, 55.243900000000004)	(146, 55.2773)	(147, 55.3721)	(148, 55.306900000000006)	(149, 55.22)	(150, 54.8125)	(151, 55.2889)
