Sample	0	1	2	3	4	5	6	7	8	9	10	11	12	13	14	15	16	17	18	19	20	21	22	23	24	25	26	27	28	29	30	31	32	33	34	35	36	37	38	39	40	41	42	43	44	45	46	47	48	49	50	51	52	53	54	55	56	57	58	59	60	61	62	63	64	65	66	67	68	69	70	71	72	73	74	75	76	77	78	79	80	81	82	83	84	85	86	87	88	89	90	91	92	93	94	95	96	97	98	99	100
SRR10089413_1	(0.0, 0.004129422510538494)	(1.0, 0.0031592236975192815)	(2.0, 0.0018503393079734303)	(3.0, 0.0015099962163903807)	(4.0, 0.0016050270796246087)	(5.0, 0.0016713276818810473)	(6.0, 0.0018055864014503344)	(7.0, 0.0019973056429752017)	(8.0, 0.0019282425156247453)	(9.0, 0.0017818286856417774)	(10.0, 0.001811111451638371)	(11.0, 0.0021807373092180143)	(12.0, 0.00273987238824731)	(13.0, 0.0034901742037826695)	(14.0, 0.004544906284678841)	(15.0, 0.006041642380617934)	(16.0, 0.008580402942020716)	(17.0, 0.012487165929981336)	(18.0, 0.018756440378346374)	(19.0, 0.028571139532374452)	(20.0, 0.0442832772571127)	(21.0, 0.06745920528086949)	(22.0, 0.10260349702195098)	(23.0, 0.1487332460519055)	(24.0, 0.20831041473452208)	(25.0, 0.28533348189088276)	(26.0, 0.3795632128478456)	(27.0, 0.49416546136315553)	(28.0, 0.6290435390585218)	(29.0, 0.7742064976789181)	(30.0, 0.9166964370183424)	(31.0, 1.0596156727573771)	(32.0, 1.2013006122844043)	(33.0, 1.334815660098382)	(34.0, 1.4571469013217362)	(35.0, 1.5808715602025132)	(36.0, 1.6911079140592367)	(37.0, 1.7798159098582758)	(38.0, 1.8680073134647333)	(39.0, 1.9342764229351)	(40.0, 1.9880025634685858)	(41.0, 2.0403109761238216)	(42.0, 2.067973244900264)	(43.0, 2.06333828029752)	(44.0, 2.0467808098940123)	(45.0, 2.053315286751403)	(46.0, 2.059338143961382)	(47.0, 2.0369600331847773)	(48.0, 2.0194793268948485)	(49.0, 2.0164239741408645)	(50.0, 2.0236330596262144)	(51.0, 2.0350665984853373)	(52.0, 2.015207910594478)	(53.0, 1.9228782443971808)	(54.0, 1.8327215804388384)	(55.0, 1.7879062408486177)	(56.0, 1.739579179358881)	(57.0, 1.7227112011348054)	(58.0, 1.7346585696614156)	(59.0, 1.8433070240940974)	(60.0, 1.8705853018824714)	(61.0, 1.7526028276621208)	(62.0, 1.6050513898454362)	(63.0, 1.4800570744314485)	(64.0, 1.4238336112129701)	(65.0, 1.2758578495418444)	(66.0, 1.1147164457776464)	(67.0, 1.0111648501434285)	(68.0, 0.9214214599391513)	(69.0, 0.8237081848386313)	(70.0, 0.695665146730885)	(71.0, 0.6979729601944279)	(72.0, 0.7700312172518189)	(73.0, 0.8243993686171547)	(74.0, 1.0252708557785044)	(75.0, 1.5550513431587623)	(76.0, 1.7496983087782698)	(77.0, 1.8786667927925123)	(78.0, 2.1131880456190797)	(79.0, 1.8000845564730878)	(80.0, 1.4749580056129097)	(81.0, 1.4939299229485894)	(82.0, 1.8471403039145573)	(83.0, 1.8696233906447342)	(84.0, 1.7376398867428804)	(85.0, 1.4543451483713827)	(86.0, 1.456015923548245)	(87.0, 1.5926156068822035)	(88.0, 1.0988683918182824)	(89.0, 0.7065412080260349)	(90.0, 0.4821125643779538)	(91.0, 0.3612454614544294)	(92.0, 0.2820366844436814)	(93.0, 0.2311664423523916)	(94.0, 0.19204300946588615)	(95.0, 0.12432246931112254)	(96.0, 0.0581108203627117)	(97.0, 0.01624254254278976)	(98.0, 0.007108529571927785)	(99.0, 0.0045360662043779825)	(100.0, 0.002779652749601173)
SRR10089413_2	(0.0, 0.007480184432744806)	(1.0, 0.005463695588545205)	(2.0, 0.003853378106495976)	(3.0, 0.004766849210760689)	(4.0, 0.005486905380668083)	(5.0, 0.005977626699837512)	(6.0, 0.006761786105131903)	(7.0, 0.007292295639369123)	(8.0, 0.007248639125614186)	(9.0, 0.007054671577158702)	(10.0, 0.007046382365686246)	(11.0, 0.007363030243934086)	(12.0, 0.007812305505741232)	(13.0, 0.008352209479647236)	(14.0, 0.009354098839618154)	(15.0, 0.010983757815103114)	(16.0, 0.013453942833895172)	(17.0, 0.017378608159054273)	(18.0, 0.023855798003631835)	(19.0, 0.03423720645173644)	(20.0, 0.050740473879299294)	(21.0, 0.07570702622024031)	(22.0, 0.11291508606370518)	(23.0, 0.16381471280327564)	(24.0, 0.22958629015262952)	(25.0, 0.3124679052093301)	(26.0, 0.4145788330398354)	(27.0, 0.5370010920483501)	(28.0, 0.6729646069182699)	(29.0, 0.8158899541968568)	(30.0, 0.9589772174062057)	(31.0, 1.1016859399583123)	(32.0, 1.238826522857321)	(33.0, 1.370758717881136)	(34.0, 1.4919840147530279)	(35.0, 1.6040403385081867)	(36.0, 1.7077328478876368)	(37.0, 1.7916904025934624)	(38.0, 1.8697322233784446)	(39.0, 1.9357729237936039)	(40.0, 1.9831932921711353)	(41.0, 2.008570436787012)	(42.0, 2.0133803898974296)	(43.0, 2.0135550159524493)	(44.0, 1.998505123603057)	(45.0, 2.001710837986505)	(46.0, 2.0118369387212582)	(47.0, 1.9922699787334754)	(48.0, 1.986144804069428)	(49.0, 1.980560085993385)	(50.0, 1.9669972781821514)	(51.0, 1.9390300312881814)	(52.0, 1.8854170693266268)	(53.0, 1.8351197919540547)	(54.0, 1.7811736036913075)	(55.0, 1.741682695008328)	(56.0, 1.705986034723341)	(57.0, 1.6506693634971477)	(58.0, 1.6183563593352175)	(59.0, 1.6625384090975093)	(60.0, 1.6849038068783933)	(61.0, 1.6979372103835857)	(62.0, 1.681113979393186)	(63.0, 1.6054682933378421)	(64.0, 1.577192135162998)	(65.0, 1.4113891168345292)	(66.0, 1.17589206628794)	(67.0, 1.006242301222153)	(68.0, 0.8603394691826596)	(69.0, 0.8007776164543722)	(70.0, 0.7576914004487392)	(71.0, 0.7790908287860331)	(72.0, 0.8683788990827463)	(73.0, 0.8442462414159344)	(74.0, 0.9636865947507574)	(75.0, 1.296847687479928)	(76.0, 1.5329017730374663)	(77.0, 1.9936763816133023)	(78.0, 2.2833484026592785)	(79.0, 1.8388593315563289)	(80.0, 1.3588985141063452)	(81.0, 1.2769922629329038)	(82.0, 1.4328946470786705)	(83.0, 1.6284526189086694)	(84.0, 1.818668470251719)	(85.0, 1.7228661849658518)	(86.0, 1.6282923608202022)	(87.0, 1.7403680260687966)	(88.0, 1.5142853092985253)	(89.0, 0.9647404298359558)	(90.0, 0.5131662933804485)	(91.0, 0.3388237293930548)	(92.0, 0.24010198382658793)	(93.0, 0.16769627422877798)	(94.0, 0.1421511349270595)	(95.0, 0.1150747019593292)	(96.0, 0.0929496913111463)	(97.0, 0.07353470020035853)	(98.0, 0.05535590682716312)	(99.0, 0.04049942941212829)	(100.0, 0.03941575316562914)
SRR10089428_1	(0.0, 0.005373942659754565)	(1.0, 0.0037755021108908248)	(2.0, 0.00173887669060026)	(3.0, 0.0013157600747245642)	(4.0, 0.001418826942694285)	(5.0, 0.0015146610479994638)	(6.0, 0.0017232057048270862)	(7.0, 0.0020360226900685194)	(8.0, 0.0019757496678640043)	(9.0, 0.001575536800426024)	(10.0, 0.0014441416120201812)	(11.0, 0.0017003019563893705)	(12.0, 0.0021011175540493958)	(13.0, 0.0027032450458725015)	(14.0, 0.003589258472278873)	(15.0, 0.004829677269247793)	(16.0, 0.006840385289990416)	(17.0, 0.010203017198780313)	(18.0, 0.015758984385592513)	(19.0, 0.024805965018490226)	(20.0, 0.03899242625476694)	(21.0, 0.05992826051750526)	(22.0, 0.0913877644571519)	(23.0, 0.13241440521132122)	(24.0, 0.18892217171872025)	(25.0, 0.26374449875318323)	(26.0, 0.3577246058953513)	(27.0, 0.4768403714874683)	(28.0, 0.621849427418645)	(29.0, 0.782281747001735)	(30.0, 0.9456288699386355)	(31.0, 1.1135266060519768)	(32.0, 1.283384420847409)	(33.0, 1.4453657571011551)	(34.0, 1.592483766079268)	(35.0, 1.7421386665619685)	(36.0, 1.875035858681148)	(37.0, 1.9789308779759585)	(38.0, 2.0844605016329556)	(39.0, 2.1709721785937623)	(40.0, 2.236056796160864)	(41.0, 2.2932287713729567)	(42.0, 2.3315835090527997)	(43.0, 2.335419284185895)	(44.0, 2.3152211917149406)	(45.0, 2.3278646635827815)	(46.0, 2.353691050867194)	(47.0, 2.3341921254538116)	(48.0, 2.3035053216588266)	(49.0, 2.2911553794091213)	(50.0, 2.299341661284939)	(51.0, 2.312427537135761)	(52.0, 2.2826267467671824)	(53.0, 2.162129523506138)	(54.0, 2.0468579712702253)	(55.0, 1.9945602753638114)	(56.0, 1.9329919859121212)	(57.0, 1.9027584352441145)	(58.0, 1.9072318989521337)	(59.0, 2.035724338608607)	(60.0, 2.103375984191399)	(61.0, 1.99961416827566)	(62.0, 1.8128395243380866)	(63.0, 1.6484328016708307)	(64.0, 1.5367583434000833)	(65.0, 1.3018406229766535)	(66.0, 1.0962644124926038)	(67.0, 0.9985437615924233)	(68.0, 0.9231108688430287)	(69.0, 0.8004432140523996)	(70.0, 0.6375529606238094)	(71.0, 0.6050748426089064)	(72.0, 0.6491434627937377)	(73.0, 0.7025718805967079)	(74.0, 0.782774780323368)	(75.0, 1.1038961825641393)	(76.0, 1.2949369510133484)	(77.0, 1.3986240283815536)	(78.0, 1.522178299328811)	(79.0, 1.2743500975491742)	(80.0, 1.1358969382431825)	(81.0, 1.1945666980570575)	(82.0, 1.5155139112636578)	(83.0, 1.7177678727637948)	(84.0, 1.5129257876901958)	(85.0, 1.0561683872012722)	(86.0, 0.9786928417293663)	(87.0, 1.0802715687808577)	(88.0, 0.7385970659683466)	(89.0, 0.4617486094576798)	(90.0, 0.3251494483146991)	(91.0, 0.24765582093613203)	(92.0, 0.1715876505327017)	(93.0, 0.11931526929561395)	(94.0, 0.09386920478131178)	(95.0, 0.060225406516973515)	(96.0, 0.028685136727572818)	(97.0, 0.011306616235344983)	(98.0, 0.007592592607102764)	(99.0, 0.005663253166336237)	(100.0, 0.0034669042372037074)
SRR10089428_2	(0.0, 0.010459385016618654)	(1.0, 0.007414056810546437)	(2.0, 0.004767858929641476)	(3.0, 0.005470858867927003)	(4.0, 0.006065936860283622)	(5.0, 0.006685734404501051)	(6.0, 0.0075135379338887275)	(7.0, 0.00803144269116769)	(8.0, 0.008134541309904247)	(9.0, 0.007845744594262079)	(10.0, 0.0075394633175476285)	(11.0, 0.007753498461708318)	(12.0, 0.008094145944668285)	(13.0, 0.008627123599423352)	(14.0, 0.009378356809632416)	(15.0, 0.01061855481396632)	(16.0, 0.012743230442198054)	(17.0, 0.01625099514283717)	(18.0, 0.022205995477696656)	(19.0, 0.03136850839547125)	(20.0, 0.0458101529252768)	(21.0, 0.06740057127004934)	(22.0, 0.10003339430581626)	(23.0, 0.14611244772206677)	(24.0, 0.20861372439648299)	(25.0, 0.29051020262725186)	(26.0, 0.3952180038983577)	(27.0, 0.5251656734511506)	(28.0, 0.6733967676424587)	(29.0, 0.8365729411392742)	(30.0, 1.0047925061315945)	(31.0, 1.173112758079055)	(32.0, 1.3382393645092785)	(33.0, 1.496175595927501)	(34.0, 1.6402116012932595)	(35.0, 1.7744707224401173)	(36.0, 1.8999170218906465)	(37.0, 2.008016828009775)	(38.0, 2.102848866854537)	(39.0, 2.180341647358687)	(40.0, 2.234910359549379)	(41.0, 2.2615260819126846)	(42.0, 2.2704317526574664)	(43.0, 2.2743880867869946)	(44.0, 2.26270237083172)	(45.0, 2.2738038612808205)	(46.0, 2.296597699760085)	(47.0, 2.281450040712499)	(48.0, 2.265297923777105)	(49.0, 2.2498210726486407)	(50.0, 2.2289776671027837)	(51.0, 2.1899515238735523)	(52.0, 2.1267918630373797)	(53.0, 2.0613845317295705)	(54.0, 1.9866464739681535)	(55.0, 1.931754598855574)	(56.0, 1.8900466857073936)	(57.0, 1.8242221365974463)	(58.0, 1.7765700756005893)	(59.0, 1.8275393798739874)	(60.0, 1.867519336055507)	(61.0, 1.8990241034441617)	(62.0, 1.8675114981488192)	(63.0, 1.7695569578629073)	(64.0, 1.7618944997019543)	(65.0, 1.581556325138846)	(66.0, 1.2448121197092894)	(67.0, 1.0034166520499754)	(68.0, 0.8435896763723505)	(69.0, 0.7483892559132725)	(70.0, 0.6639906767014703)	(71.0, 0.6367991696545772)	(72.0, 0.682787785685971)	(73.0, 0.676893076941016)	(74.0, 0.7227816089331685)	(75.0, 0.9032632774802495)	(76.0, 1.0933451758878112)	(77.0, 1.453790005308795)	(78.0, 1.6379078596430114)	(79.0, 1.2853425381066363)	(80.0, 0.9776588790110097)	(81.0, 0.9416623881744751)	(82.0, 0.9942288166644411)	(83.0, 1.0956875041555978)	(84.0, 1.2390156862558785)	(85.0, 1.2160524284089824)	(86.0, 1.1948762132868531)	(87.0, 1.2868245053864868)	(88.0, 1.151134664811197)	(89.0, 0.7701496965415755)	(90.0, 0.43019315520191137)	(91.0, 0.29478186177197996)	(92.0, 0.2266276456281254)	(93.0, 0.17892373386395077)	(94.0, 0.17012658798099697)	(95.0, 0.16996018319286077)	(96.0, 0.1781302965408086)	(97.0, 0.17579218868431523)	(98.0, 0.1477608197900536)	(99.0, 0.10854596388442121)	(100.0, 0.07895123406393798)
SRR10089431_1	(0.0, 0.0032655007328484696)	(1.0, 0.0023707252067628214)	(2.0, 0.0012417602693839827)	(3.0, 0.0009681177823221763)	(4.0, 0.0009645771216762751)	(5.0, 0.0011107558254856318)	(6.0, 0.0013960319118125426)	(7.0, 0.0017187378392532684)	(8.0, 0.0018021962687638008)	(9.0, 0.00146684512473057)	(10.0, 0.0012700855545511938)	(11.0, 0.0015133795217909883)	(12.0, 0.0019554562938649605)	(13.0, 0.0025730486722429003)	(14.0, 0.003656996638552422)	(15.0, 0.005130923084574795)	(16.0, 0.007394922663296875)	(17.0, 0.011027134677327986)	(18.0, 0.016520216765112124)	(19.0, 0.025487192755189212)	(20.0, 0.03995787281498814)	(21.0, 0.06080477688939174)	(22.0, 0.09200254945775617)	(23.0, 0.13281827376637984)	(24.0, 0.18738845306700294)	(25.0, 0.2595708900376669)	(26.0, 0.3490347858123118)	(27.0, 0.4598564524116975)	(28.0, 0.5961481142717066)	(29.0, 0.746444100603583)	(30.0, 0.8972054309060636)	(31.0, 1.0544497108511897)	(32.0, 1.2139483800104274)	(33.0, 1.3670551450864858)	(34.0, 1.5116587607170802)	(35.0, 1.6563610090370964)	(36.0, 1.7849739895734726)	(37.0, 1.8939843553481481)	(38.0, 2.001459086019829)	(39.0, 2.0847556567579777)	(40.0, 2.15318549925265)	(41.0, 2.2188005165338307)	(42.0, 2.262506431546837)	(43.0, 2.272403589669459)	(44.0, 2.255194461504387)	(45.0, 2.2620572734534714)	(46.0, 2.28019000823846)	(47.0, 2.2645519217828407)	(48.0, 2.240042457174584)	(49.0, 2.2296248219370147)	(50.0, 2.2425568320418376)	(51.0, 2.2671017032565537)	(52.0, 2.2479593743788198)	(53.0, 2.1324817390300734)	(54.0, 2.024451630445649)	(55.0, 1.9828301529357513)	(56.0, 1.9304799678601083)	(57.0, 1.931929615490273)	(58.0, 1.9896444072531203)	(59.0, 2.1751360778312474)	(60.0, 2.2303734187592914)	(61.0, 2.08148610955582)	(62.0, 1.8985593947113162)	(63.0, 1.7538050480989391)	(64.0, 1.6735676081588495)	(65.0, 1.4171807836591754)	(66.0, 1.1989546937923625)	(67.0, 1.0788221013115835)	(68.0, 0.9556121689208528)	(69.0, 0.8342954783583517)	(70.0, 0.6901582183156888)	(71.0, 0.7090056607424855)	(72.0, 0.7930740955014405)	(73.0, 0.8530007885506486)	(74.0, 0.9896323538326642)	(75.0, 1.4741333217658263)	(76.0, 1.7737814554631148)	(77.0, 1.8846157672790929)	(78.0, 2.001028137038357)	(79.0, 1.6573700973211782)	(80.0, 1.3551590311249209)	(81.0, 1.365443638683937)	(82.0, 1.6597620664918162)	(83.0, 1.5563636478408949)	(84.0, 1.2101927506824535)	(85.0, 0.8643931170831681)	(86.0, 0.6492413322743251)	(87.0, 0.6473556775760508)	(88.0, 0.40113611302541424)	(89.0, 0.2140015759075888)	(90.0, 0.11908000465161879)	(91.0, 0.0640186851385428)	(92.0, 0.03633274212224882)	(93.0, 0.019075056325461817)	(94.0, 0.01252432832188057)	(95.0, 0.008978103780678492)	(96.0, 0.006617494747189672)	(97.0, 0.005249282311880641)	(98.0, 0.004301396876106473)	(99.0, 0.0036509269345880195)	(100.0, 0.0028254471954292986)
SRR10089431_2	(0.0, 0.007235715186564441)	(1.0, 0.0057030591515921545)	(2.0, 0.004448699854564655)	(3.0, 0.005121671966322047)	(4.0, 0.005823991734080889)	(5.0, 0.006534407406943579)	(6.0, 0.00741028314036617)	(7.0, 0.007959286705220885)	(8.0, 0.008207223799026239)	(9.0, 0.008040245756259369)	(10.0, 0.0079157712152877)	(11.0, 0.008379261782483017)	(12.0, 0.008821500598780731)	(13.0, 0.0094423553214321)	(14.0, 0.010465475328930933)	(15.0, 0.01210692008873618)	(16.0, 0.014514945863062066)	(17.0, 0.018504203102983327)	(18.0, 0.02486758451460811)	(19.0, 0.034943950404485336)	(20.0, 0.05055892737353279)	(21.0, 0.07317585026927106)	(22.0, 0.1068290098037616)	(23.0, 0.15388848219615592)	(24.0, 0.21553171564499507)	(25.0, 0.2963860259111973)	(26.0, 0.3992642340242809)	(27.0, 0.524107644672243)	(28.0, 0.665662521436755)	(29.0, 0.8172295028443823)	(30.0, 0.9736747730711475)	(31.0, 1.132494167469616)	(32.0, 1.2880610319926136)	(33.0, 1.4371289086934966)	(34.0, 1.5734705285651993)	(35.0, 1.7028461280891096)	(36.0, 1.8256513946271777)	(37.0, 1.9307600245963716)	(38.0, 2.0218860144630817)	(39.0, 2.097658626294412)	(40.0, 2.1553080485567087)	(41.0, 2.1898370838246217)	(42.0, 2.202306801660824)	(43.0, 2.20691539564119)	(44.0, 2.193257097736929)	(45.0, 2.204627290461215)	(46.0, 2.226991216322458)	(47.0, 2.2092217166076487)	(48.0, 2.196453462270742)	(49.0, 2.1851050272914225)	(50.0, 2.1681866096006552)	(51.0, 2.1342875369486354)	(52.0, 2.0744679061244384)	(53.0, 2.013453117309285)	(54.0, 1.9555851056091846)	(55.0, 1.9169484104892065)	(56.0, 1.8741165185432278)	(57.0, 1.8113550382019197)	(58.0, 1.7756060512336704)	(59.0, 1.8452890244447)	(60.0, 1.9055837836996794)	(61.0, 1.9806793754667005)	(62.0, 1.973128425975155)	(63.0, 1.859442184548434)	(64.0, 1.892152677132395)	(65.0, 1.7432467185335885)	(66.0, 1.3656020930950659)	(67.0, 1.0725839637070693)	(68.0, 0.8884754917345237)	(69.0, 0.8016904249856835)	(70.0, 0.732166333912317)	(71.0, 0.7448627370914271)	(72.0, 0.8602395047026457)	(73.0, 0.8586005899131853)	(74.0, 0.930885890621033)	(75.0, 1.2159492872504296)	(76.0, 1.4918056158004744)	(77.0, 1.9856315394199107)	(78.0, 2.238119543881766)	(79.0, 1.7146671615288662)	(80.0, 1.2176575232273414)	(81.0, 1.1846196524807435)	(82.0, 1.2373133688313471)	(83.0, 1.2134026191012002)	(84.0, 1.197400556669375)	(85.0, 1.0060639594212997)	(86.0, 0.9282066520257282)	(87.0, 0.9040919866857782)	(88.0, 0.5491103296032716)	(89.0, 0.2529413751476712)	(90.0, 0.14760960179405258)	(91.0, 0.10259080348189699)	(92.0, 0.08529896216821493)	(93.0, 0.07867904176361197)	(94.0, 0.08141090374209178)	(95.0, 0.08507885474820408)	(96.0, 0.08981344125174837)	(97.0, 0.09657706397194465)	(98.0, 0.0918561393082631)	(99.0, 0.07746718596837968)	(100.0, 0.07526611176827092)
SRR10089494_1	(0.0, 0.0066350299353855535)	(1.0, 0.004713644949982183)	(2.0, 0.0022648209489778866)	(3.0, 0.0015910530967506173)	(4.0, 0.0014720244162112783)	(5.0, 0.0016396473745854852)	(6.0, 0.001996187413081763)	(7.0, 0.002397499707560728)	(8.0, 0.0027098134931960584)	(9.0, 0.002256084899030045)	(10.0, 0.0017341059146465207)	(11.0, 0.0019404950946642738)	(12.0, 0.0024362659292042742)	(13.0, 0.0032700126961013893)	(14.0, 0.00432652873666846)	(15.0, 0.005783265065471016)	(16.0, 0.008091766264188109)	(17.0, 0.011752717195455401)	(18.0, 0.017460087827004547)	(19.0, 0.026395974917402833)	(20.0, 0.040171633678905264)	(21.0, 0.060831845802428466)	(22.0, 0.09205285030664846)	(23.0, 0.1325226016900238)	(24.0, 0.18735005116267653)	(25.0, 0.25978173328647314)	(26.0, 0.35190665600519133)	(27.0, 0.4682080509514388)	(28.0, 0.6109725791990632)	(29.0, 0.7721696268335112)	(30.0, 0.9399580241536056)	(31.0, 1.1167887791728375)	(32.0, 1.2961082164209607)	(33.0, 1.4670727139002173)	(34.0, 1.6276325758915948)	(35.0, 1.783923239474086)	(36.0, 1.9216689070266757)	(37.0, 2.032319715666035)	(38.0, 2.1325779008861936)	(39.0, 2.214056854737224)	(40.0, 2.2786299139298154)	(41.0, 2.3301283823692187)	(42.0, 2.3600619115123753)	(43.0, 2.35650197115863)	(44.0, 2.338385041576172)	(45.0, 2.3490796047216955)	(46.0, 2.363879565339582)	(47.0, 2.3523982116956317)	(48.0, 2.3410140466073504)	(49.0, 2.3464118334688733)	(50.0, 2.3562448036882904)	(51.0, 2.362354578620562)	(52.0, 2.3307699360372633)	(53.0, 2.208483254870501)	(54.0, 2.0962337490906866)	(55.0, 2.051462039111121)	(56.0, 2.002418400707061)	(57.0, 1.9974863545083827)	(58.0, 2.0244867548815515)	(59.0, 2.120855213862434)	(60.0, 2.1079094798459765)	(61.0, 1.9518339414934507)	(62.0, 1.7865511524990214)	(63.0, 1.6441196861556584)	(64.0, 1.5284614828868206)	(65.0, 1.2977211096425811)	(66.0, 1.1212840228741239)	(67.0, 1.010787187115095)	(68.0, 0.9123280821810702)	(69.0, 0.8224581523551386)	(70.0, 0.6851842314997325)	(71.0, 0.6898378161063233)	(72.0, 0.7497769468047067)	(73.0, 0.7917695008946152)	(74.0, 0.949774068276249)	(75.0, 1.3740174018620541)	(76.0, 1.5985022173405175)	(77.0, 1.7337952388702504)	(78.0, 1.8640366395176442)	(79.0, 1.5158832089712941)	(80.0, 1.1855578723560019)	(81.0, 1.1731171912271539)	(82.0, 1.4333215309298537)	(83.0, 1.5131280772189937)	(84.0, 1.240907300813038)	(85.0, 0.8061544991399796)	(86.0, 0.5736166836189716)	(87.0, 0.5498797439044429)	(88.0, 0.36682018527240007)	(89.0, 0.1962084058097877)	(90.0, 0.10788584883086755)	(91.0, 0.05356454425206789)	(92.0, 0.02744211689865684)	(93.0, 0.013974403897815822)	(94.0, 0.008896574865633)	(95.0, 0.006685262222585642)	(96.0, 0.0056063600540272275)	(97.0, 0.004995928563921808)	(98.0, 0.004187297940624737)	(99.0, 0.003492235966649605)	(100.0, 0.002299219145647512)
SRR10089494_2	(0.0, 0.01261886617805457)	(1.0, 0.008513966703394877)	(2.0, 0.004759651965030451)	(3.0, 0.005171397901427072)	(4.0, 0.005364710980318856)	(5.0, 0.005692906348719876)	(6.0, 0.0062892280497080875)	(7.0, 0.006862068218514529)	(8.0, 0.007285827962073917)	(9.0, 0.006949987443660228)	(10.0, 0.006467796910718295)	(11.0, 0.006793261868400505)	(12.0, 0.007334975355012507)	(13.0, 0.008015939788283844)	(14.0, 0.00901909268637482)	(15.0, 0.010715769907043657)	(16.0, 0.013205904482598828)	(17.0, 0.017158447039148896)	(18.0, 0.023630066524873525)	(19.0, 0.03356766937705619)	(20.0, 0.049322139224592734)	(21.0, 0.07244216502719246)	(22.0, 0.10545610711047389)	(23.0, 0.15252401924561668)	(24.0, 0.21591105016494605)	(25.0, 0.29941192468546474)	(26.0, 0.4068350196777697)	(27.0, 0.5375108384336086)	(28.0, 0.6885298552910168)	(29.0, 0.8539457817865692)	(30.0, 1.0270232407591038)	(31.0, 1.2045862184605003)	(32.0, 1.3785707198738235)	(33.0, 1.5442394824019376)	(34.0, 1.6921201651791455)	(35.0, 1.8296646051392238)	(36.0, 1.9526750688430743)	(37.0, 2.0548437614481005)	(38.0, 2.14640371624626)	(39.0, 2.215066992838619)	(40.0, 2.2618798846126245)	(41.0, 2.2875544826837433)	(42.0, 2.2948266585922235)	(43.0, 2.285763333252204)	(44.0, 2.2666870457241624)	(45.0, 2.2782028259718174)	(46.0, 2.3016608766214057)	(47.0, 2.298386022005265)	(48.0, 2.2959472191512234)	(49.0, 2.292952504674832)	(50.0, 2.276993254023384)	(51.0, 2.2364635833955053)	(52.0, 2.166449299579479)	(53.0, 2.0958212194338643)	(54.0, 2.0347441159826487)	(55.0, 1.9950521353633004)	(56.0, 1.95113730152624)	(57.0, 1.892537772761273)	(58.0, 1.8522904266017188)	(59.0, 1.877434232829101)	(60.0, 1.8810804233030005)	(61.0, 1.8868268457018091)	(62.0, 1.8467045523531764)	(63.0, 1.7271791848908158)	(64.0, 1.6993344563803865)	(65.0, 1.5649889656184661)	(66.0, 1.2937810914940264)	(67.0, 1.0449680460852702)	(68.0, 0.8714711960263263)	(69.0, 0.7898450215053427)	(70.0, 0.7116209387399972)	(71.0, 0.732576294924724)	(72.0, 0.8247844492275294)	(73.0, 0.7977118808683795)	(74.0, 0.8911350679410556)	(75.0, 1.1375977758030598)	(76.0, 1.3579331834967663)	(77.0, 1.8149034587111905)	(78.0, 2.0712426082252757)	(79.0, 1.590046490867134)	(80.0, 1.0730344839460668)	(81.0, 1.0572401501020356)	(82.0, 1.1643132064401893)	(83.0, 1.1340012788042426)	(84.0, 1.051606220624842)	(85.0, 0.8893384576880783)	(86.0, 0.800226589140404)	(87.0, 0.7409679392279162)	(88.0, 0.4723998261864223)	(89.0, 0.23445927625996948)	(90.0, 0.14842294234596332)	(91.0, 0.10446442193740191)	(92.0, 0.08743594244846839)	(93.0, 0.08232625182928645)	(94.0, 0.08639893245746418)	(95.0, 0.09235177390661481)	(96.0, 0.09712343967880802)	(97.0, 0.09580901995877265)	(98.0, 0.0804695725404953)	(99.0, 0.05632455055405412)	(100.0, 0.040269189445304665)
SRR10089583_1	(0.0, 0.004150922503455717)	(1.0, 0.002835992168053971)	(2.0, 0.001246893468662209)	(3.0, 0.0008433876946326775)	(4.0, 0.000755141857574466)	(5.0, 0.0009329807963788004)	(6.0, 0.0013385074674401995)	(7.0, 0.0018962750482356123)	(8.0, 0.002530836716241988)	(9.0, 0.0021461926478432186)	(10.0, 0.0016261484783093316)	(11.0, 0.00216370708878607)	(12.0, 0.0029424260783989893)	(13.0, 0.003973083564651383)	(14.0, 0.005208525283466343)	(15.0, 0.006926961392897621)	(16.0, 0.00941603290381435)	(17.0, 0.012711442330446182)	(18.0, 0.01761346489741263)	(19.0, 0.024580844230947602)	(20.0, 0.03495074053380338)	(21.0, 0.050405887401181584)	(22.0, 0.07320632134705397)	(23.0, 0.10177304815718813)	(24.0, 0.13916233777611153)	(25.0, 0.1909101008064531)	(26.0, 0.2579850205588213)	(27.0, 0.3431658304520338)	(28.0, 0.45316460316126633)	(29.0, 0.5801261119236502)	(30.0, 0.7181466428767567)	(31.0, 0.8726273801544233)	(32.0, 1.0357481258756673)	(33.0, 1.1987139361578014)	(34.0, 1.3526881019128134)	(35.0, 1.5060815965873353)	(36.0, 1.645274247818925)	(37.0, 1.7579783280214838)	(38.0, 1.8636011850243797)	(39.0, 1.9471598882333467)	(40.0, 2.0176844792191124)	(41.0, 2.079362930264051)	(42.0, 2.122286109588571)	(43.0, 2.134497043087458)	(44.0, 2.1194905353611544)	(45.0, 2.1356489543956223)	(46.0, 2.164792310492183)	(47.0, 2.1595063174891616)	(48.0, 2.1459770854931532)	(49.0, 2.150733603473825)	(50.0, 2.1763626196319676)	(51.0, 2.2006827681458048)	(52.0, 2.1797880401009833)	(53.0, 2.072296526975954)	(54.0, 1.9729499025216948)	(55.0, 1.9388540014323714)	(56.0, 1.903153508099745)	(57.0, 1.8901059232296653)	(58.0, 1.889876214600376)	(59.0, 1.9630744523593024)	(60.0, 1.9653796222403195)	(61.0, 1.8498860305014395)	(62.0, 1.719700517340883)	(63.0, 1.5825213531853775)	(64.0, 1.4849012484286768)	(65.0, 1.308542953516357)	(66.0, 1.1727898690330059)	(67.0, 1.0704644423537741)	(68.0, 0.9618749085080971)	(69.0, 0.873302359763067)	(70.0, 0.7230729162081055)	(71.0, 0.7283979798870761)	(72.0, 0.7995692579230397)	(73.0, 0.8475143663717507)	(74.0, 1.0168372450837957)	(75.0, 1.5757782934223796)	(76.0, 1.9547422938969135)	(77.0, 2.100824183110139)	(78.0, 2.199457430912149)	(79.0, 1.851449531171761)	(80.0, 1.5552574313284537)	(81.0, 1.5489616634418426)	(82.0, 1.8719912758683492)	(83.0, 2.246287004199269)	(84.0, 2.039871907731985)	(85.0, 1.3267135123622213)	(86.0, 1.1077210264009383)	(87.0, 1.1092798116448521)	(88.0, 0.7160193119345442)	(89.0, 0.4104239782019579)	(90.0, 0.27512963734484064)	(91.0, 0.17067216429698864)	(92.0, 0.08470926725244343)	(93.0, 0.040629461193350876)	(94.0, 0.02249123669999667)	(95.0, 0.013322426866414105)	(96.0, 0.008590833282468478)	(97.0, 0.0061866394468901836)	(98.0, 0.00511084859359275)	(99.0, 0.0044560779552677)	(100.0, 0.003335153734925228)
SRR10089583_2	(0.0, 0.010198582138276572)	(1.0, 0.007799232917270452)	(2.0, 0.005436952293779877)	(3.0, 0.005604771944350249)	(4.0, 0.0059350194494887315)	(5.0, 0.006449261993204369)	(6.0, 0.007325428843571772)	(7.0, 0.008153743504419109)	(8.0, 0.00871516426315453)	(9.0, 0.008729317727660463)	(10.0, 0.008762342478174314)	(11.0, 0.009326459134910864)	(12.0, 0.01001795697220083)	(13.0, 0.010973652813601582)	(14.0, 0.012178719220106902)	(15.0, 0.014065173846397949)	(16.0, 0.01666064964698631)	(17.0, 0.020075004465418052)	(18.0, 0.025405468788153276)	(19.0, 0.03352214369505684)	(20.0, 0.04570018894066346)	(21.0, 0.0628366645848493)	(22.0, 0.08712131377903258)	(23.0, 0.12091709112120416)	(24.0, 0.16598846185310395)	(25.0, 0.227043137859206)	(26.0, 0.3067514061096301)	(27.0, 0.40726931103078023)	(28.0, 0.528443186436592)	(29.0, 0.667796176038527)	(30.0, 0.8206818996316365)	(31.0, 0.9827485038675958)	(32.0, 1.1461273364556057)	(33.0, 1.3065069825173576)	(34.0, 1.4530398224708032)	(35.0, 1.5873959651276428)	(36.0, 1.7117119096537723)	(37.0, 1.8203437935838247)	(38.0, 1.9100127309739257)	(39.0, 1.9827352535289204)	(40.0, 2.036003502133257)	(41.0, 2.0573179457046953)	(42.0, 2.06729748613038)	(43.0, 2.071114877699981)	(44.0, 2.0577135687363612)	(45.0, 2.0709147072733964)	(46.0, 2.104018312803778)	(47.0, 2.1019943673794295)	(48.0, 2.095274841611612)	(49.0, 2.102286872312552)	(50.0, 2.1010130605070176)	(51.0, 2.071454560848123)	(52.0, 2.010362142270005)	(53.0, 1.9472868907120557)	(54.0, 1.8951697905542015)	(55.0, 1.8603374404305952)	(56.0, 1.8207306549469868)	(57.0, 1.763491348586985)	(58.0, 1.719054861834351)	(59.0, 1.7384767850089955)	(60.0, 1.748835099103839)	(61.0, 1.7823323057423852)	(62.0, 1.7451113899897774)	(63.0, 1.6223503046358)	(64.0, 1.6293353763567293)	(65.0, 1.5298985265340324)	(66.0, 1.2517795791199087)	(67.0, 1.0082038467687702)	(68.0, 0.8553201450991613)	(69.0, 0.7882556384740393)	(70.0, 0.7259089533508953)	(71.0, 0.7536746808390383)	(72.0, 0.8691346004314543)	(73.0, 0.8337590268606202)	(74.0, 0.9356491438643458)	(75.0, 1.2801788426383174)	(76.0, 1.5777655434931044)	(77.0, 2.1684866696538116)	(78.0, 2.4693960647949917)	(79.0, 1.8848559587763765)	(80.0, 1.3233853259279351)	(81.0, 1.2873337559333178)	(82.0, 1.393291983020749)	(83.0, 1.4159692030317583)	(84.0, 1.4924154347008147)	(85.0, 1.4928865428765121)	(86.0, 1.4577495562787781)	(87.0, 1.460992721574138)	(88.0, 1.167774723430183)	(89.0, 0.7024155502200439)	(90.0, 0.39858110574763705)	(91.0, 0.24208624870551404)	(92.0, 0.18285332577367588)	(93.0, 0.16315439907941554)	(94.0, 0.160317640407726)	(95.0, 0.16278169118075925)	(96.0, 0.17133173169134452)	(97.0, 0.1804526286036692)	(98.0, 0.1664946167028162)	(99.0, 0.13487375507305663)	(100.0, 0.11480616432714168)
SRR10089589_1	(0.0, 0.00495438191380857)	(1.0, 0.0033812217855274337)	(2.0, 0.0014564941127817382)	(3.0, 0.001233102235569884)	(4.0, 0.001454401448826592)	(5.0, 0.0017112759493207851)	(6.0, 0.0019979709111758114)	(7.0, 0.00252793805781658)	(8.0, 0.002813586687694033)	(9.0, 0.002009480562929115)	(10.0, 0.0013691253926543855)	(11.0, 0.0015522334887296757)	(12.0, 0.0018964767093512214)	(13.0, 0.002476667790915499)	(14.0, 0.0033712816317404888)	(15.0, 0.004627403170816981)	(16.0, 0.006403028536758511)	(17.0, 0.009231787038127354)	(18.0, 0.014063224944571087)	(19.0, 0.02167842907734802)	(20.0, 0.033731127127012414)	(21.0, 0.05190695990943452)	(22.0, 0.0799130816211558)	(23.0, 0.11715726836286987)	(24.0, 0.16635946011027797)	(25.0, 0.23256454649324873)	(26.0, 0.31574009122047736)	(27.0, 0.4163082892449148)	(28.0, 0.535114053638451)	(29.0, 0.6637291803217349)	(30.0, 0.794179573293682)	(31.0, 0.9283815895712175)	(32.0, 1.0623570749756084)	(33.0, 1.188742991380673)	(34.0, 1.3089508406241572)	(35.0, 1.4318613653657126)	(36.0, 1.5417434874885168)	(37.0, 1.6326378232143022)	(38.0, 1.7213924100459503)	(39.0, 1.7943029149071983)	(40.0, 1.8537471272170807)	(41.0, 1.904885033122999)	(42.0, 1.943905891562632)	(43.0, 1.9573978192474484)	(44.0, 1.9607209696082206)	(45.0, 1.9822722693502932)	(46.0, 1.9988623860207035)	(47.0, 1.9973499131471215)	(48.0, 1.981354113039973)	(49.0, 1.9805908138623336)	(50.0, 1.9969946834407355)	(51.0, 2.005069750477656)	(52.0, 1.9816962635966395)	(53.0, 1.8906355610864198)	(54.0, 1.8057701902154106)	(55.0, 1.7774533079063501)	(56.0, 1.754912178113493)	(57.0, 1.73301611198481)	(58.0, 1.735001003746266)	(59.0, 1.8346798195897664)	(60.0, 1.844153309314713)	(61.0, 1.7366808897362598)	(62.0, 1.6084565680465992)	(63.0, 1.4776619318540307)	(64.0, 1.3979586397943782)	(65.0, 1.2307699615918737)	(66.0, 1.10969522630497)	(67.0, 1.0403035358843005)	(68.0, 0.9428774727885151)	(69.0, 0.8557316213723853)	(70.0, 0.7208348406617413)	(71.0, 0.7410484049704871)	(72.0, 0.83657851452291)	(73.0, 0.9135984882260763)	(74.0, 1.0809634733668019)	(75.0, 1.6101547648462005)	(76.0, 1.8744550833852296)	(77.0, 2.0813599076264646)	(78.0, 2.3368647595620144)	(79.0, 1.958493851993956)	(80.0, 1.663223153250741)	(81.0, 1.6940726821115173)	(82.0, 2.0675786691498494)	(83.0, 2.288356285915737)	(84.0, 2.159439292456924)	(85.0, 1.6535942832271247)	(86.0, 1.6499718819207667)	(87.0, 1.8488429692381954)	(88.0, 1.2647182026042325)	(89.0, 0.7614079325901042)	(90.0, 0.4823046323983597)	(91.0, 0.3299707292814602)	(92.0, 0.22098112833552586)	(93.0, 0.11257642696505489)	(94.0, 0.07010999732327354)	(95.0, 0.060135314581069285)	(96.0, 0.039951570733684424)	(97.0, 0.02236220702469203)	(98.0, 0.012473846670637567)	(99.0, 0.009199873912811374)	(100.0, 0.0064888277589195045)
SRR10089589_2	(0.0, 0.009649967523463419)	(1.0, 0.007137522074431539)	(2.0, 0.004864755862153793)	(3.0, 0.0051740362746465745)	(4.0, 0.005470233759368933)	(5.0, 0.00607780492502734)	(6.0, 0.006927671912993967)	(7.0, 0.007381911165183026)	(8.0, 0.007438952730262067)	(9.0, 0.007140138659985623)	(10.0, 0.006750267412427042)	(11.0, 0.006888946446793518)	(12.0, 0.007213403055499988)	(13.0, 0.0076576992825835265)	(14.0, 0.008458374462133366)	(15.0, 0.009702822551655926)	(16.0, 0.011524489414409513)	(17.0, 0.014581707975801775)	(18.0, 0.019812262498416573)	(19.0, 0.028284243205431176)	(20.0, 0.0420647526845723)	(21.0, 0.06250028586197177)	(22.0, 0.09274801486718792)	(23.0, 0.13563123551307785)	(24.0, 0.1928664279231209)	(25.0, 0.26511715819383297)	(26.0, 0.35549716313457447)	(27.0, 0.46316076229426534)	(28.0, 0.5828910073951721)	(29.0, 0.7134497301531018)	(30.0, 0.8456951039591943)	(31.0, 0.9753699441169543)	(32.0, 1.101888135462267)	(33.0, 1.2255390723574138)	(34.0, 1.3398252495544922)	(35.0, 1.4514241933875263)	(36.0, 1.55816727774929)	(37.0, 1.648929304180928)	(38.0, 1.7288136611471259)	(39.0, 1.7962012055070167)	(40.0, 1.8491310680463693)	(41.0, 1.8763304748810767)	(42.0, 1.8907180322087658)	(43.0, 1.9026119835034119)	(44.0, 1.9049077756685655)	(45.0, 1.9290483939905487)	(46.0, 1.9531099914287986)	(47.0, 1.9524600315771639)	(48.0, 1.9625406890828294)	(49.0, 1.9616369204324486)	(50.0, 1.9455846913752513)	(51.0, 1.9189499437031152)	(52.0, 1.8633961691701266)	(53.0, 1.8135271884119422)	(54.0, 1.7695408152964502)	(55.0, 1.740919555871653)	(56.0, 1.7130346036217752)	(57.0, 1.6573861086917288)	(58.0, 1.629195015932023)	(59.0, 1.6685610222761125)	(60.0, 1.6826921542195012)	(61.0, 1.689788334242178)	(62.0, 1.6536810235471453)	(63.0, 1.5516441299629578)	(64.0, 1.5128516791723234)	(65.0, 1.3852643509696119)	(66.0, 1.173166542541081)	(67.0, 0.9964015354835742)	(68.0, 0.857199184006282)	(69.0, 0.7975446965929325)	(70.0, 0.7477594465724786)	(71.0, 0.79168145168334)	(72.0, 0.9119962419970292)	(73.0, 0.9006538669371839)	(74.0, 1.03848774416969)	(75.0, 1.3806617769799772)	(76.0, 1.6404997121598894)	(77.0, 2.266837552729301)	(78.0, 2.6535924468929686)	(79.0, 2.0635450780073756)	(80.0, 1.4973902751332384)	(81.0, 1.443091415031989)	(82.0, 1.58166526265919)	(83.0, 1.8242373964019207)	(84.0, 2.0594611112745604)	(85.0, 1.9465099160271757)	(86.0, 1.8524086031114155)	(87.0, 1.9210751344901424)	(88.0, 1.595694347765969)	(89.0, 0.9507886927876635)	(90.0, 0.471778225158087)	(91.0, 0.30077389285645245)	(92.0, 0.22413776519709488)	(93.0, 0.16409549980463)	(94.0, 0.1475817050556923)	(95.0, 0.14279858666282594)	(96.0, 0.133430163744982)	(97.0, 0.12142788580839668)	(98.0, 0.10407783031637356)	(99.0, 0.08330161769983228)	(100.0, 0.06981835233963514)
SRR10089616_1	(0.0, 0.0033271450322328797)	(1.0, 0.0023056885986838626)	(2.0, 0.0010888348262633322)	(3.0, 0.000931843171238978)	(4.0, 0.0010645786048861785)	(5.0, 0.001249869184850545)	(6.0, 0.0014789557200792164)	(7.0, 0.0018043933568893584)	(8.0, 0.0019155677048679784)	(9.0, 0.0014863673432777913)	(10.0, 0.0012606497276848355)	(11.0, 0.0015099497807278014)	(12.0, 0.0018758144531665325)	(13.0, 0.002441792951966779)	(14.0, 0.003294803403730009)	(15.0, 0.0047508504702863585)	(16.0, 0.007001288786944483)	(17.0, 0.010356732744117376)	(18.0, 0.01581977282539404)	(19.0, 0.02445296628387924)	(20.0, 0.0382540824635524)	(21.0, 0.059218869356611546)	(22.0, 0.09077082309687103)	(23.0, 0.1320272867397733)	(24.0, 0.18687329840922579)	(25.0, 0.2626173923629503)	(26.0, 0.3592346385956424)	(27.0, 0.47858804966585305)	(28.0, 0.6244973066565567)	(29.0, 0.787942464135088)	(30.0, 0.9553791175980153)	(31.0, 1.1294572592307925)	(32.0, 1.3064555804038085)	(33.0, 1.4734542743140926)	(34.0, 1.6309607002587843)	(35.0, 1.7833497372768237)	(36.0, 1.91561217460717)	(37.0, 2.0274326813719203)	(38.0, 2.1294172903682345)	(39.0, 2.208544453420145)	(40.0, 2.268476859955601)	(41.0, 2.3145374029990338)	(42.0, 2.3425620978806987)	(43.0, 2.3399424259719663)	(44.0, 2.3226315693158046)	(45.0, 2.327335254911191)	(46.0, 2.331309232513481)	(47.0, 2.3072632317215964)	(48.0, 2.282011157700125)	(49.0, 2.2742997006539722)	(50.0, 2.26966810993879)	(51.0, 2.258347866178858)	(52.0, 2.2187711458663233)	(53.0, 2.1017544174554454)	(54.0, 1.9851601515668857)	(55.0, 1.9263725039236461)	(56.0, 1.8686972735441194)	(57.0, 1.8517920348120978)	(58.0, 1.8596072545830309)	(59.0, 1.9655698838851987)	(60.0, 1.991868344345523)	(61.0, 1.8543153556192489)	(62.0, 1.671800091650785)	(63.0, 1.5136340312414203)	(64.0, 1.4135656637339007)	(65.0, 1.197245986356738)	(66.0, 1.025528109820743)	(67.0, 0.9369329350246172)	(68.0, 0.8488619641238088)	(69.0, 0.7614472587680378)	(70.0, 0.6251724381515541)	(71.0, 0.6087273938417712)	(72.0, 0.656171215287629)	(73.0, 0.704547553688653)	(74.0, 0.8352838704240201)	(75.0, 1.219015271258806)	(76.0, 1.4458992068296463)	(77.0, 1.5765135686742007)	(78.0, 1.703750251691986)	(79.0, 1.4377504640147771)	(80.0, 1.26414868761849)	(81.0, 1.425963961777262)	(82.0, 1.991670251870943)	(83.0, 1.9437258089672178)	(84.0, 1.3672915311855636)	(85.0, 1.0149288148628541)	(86.0, 0.9767751262044461)	(87.0, 1.0105236155471922)	(88.0, 0.672150674903756)	(89.0, 0.419964805300836)	(90.0, 0.29597912973151624)	(91.0, 0.21824333048915662)	(92.0, 0.13472646515190878)	(93.0, 0.056426034978603185)	(94.0, 0.03063089111185479)	(95.0, 0.022209265806492542)	(96.0, 0.014956655614723667)	(97.0, 0.009772562079284263)	(98.0, 0.006991855811964478)	(99.0, 0.005474494408038102)	(100.0, 0.003800141349087372)
SRR10089616_2	(0.0, 0.009856836959490314)	(1.0, 0.00720286574423157)	(2.0, 0.005042343075980547)	(3.0, 0.005837118809480689)	(4.0, 0.006421572211469343)	(5.0, 0.007182642443124695)	(6.0, 0.008222794230054908)	(7.0, 0.008817359282597)	(8.0, 0.008859154104884538)	(9.0, 0.008617822711675844)	(10.0, 0.00844053177197225)	(11.0, 0.008574005559277616)	(12.0, 0.008769497469977397)	(13.0, 0.009261597796911328)	(14.0, 0.010253887771221938)	(15.0, 0.011618960595935921)	(16.0, 0.013853635368245482)	(17.0, 0.01759292374290646)	(18.0, 0.023722606308399924)	(19.0, 0.03360910410951365)	(20.0, 0.04882781230247312)	(21.0, 0.07192349627655996)	(22.0, 0.10666173469787406)	(23.0, 0.1565431809880153)	(24.0, 0.22296728758357934)	(25.0, 0.3089769871911138)	(26.0, 0.4211812546123452)	(27.0, 0.5560592131245665)	(28.0, 0.7075492652760109)	(29.0, 0.8752570566950943)	(30.0, 1.0476398012200503)	(31.0, 1.2197839107919448)	(32.0, 1.387242281497377)	(33.0, 1.548218410088019)	(34.0, 1.696179496196314)	(35.0, 1.8310614993687566)	(36.0, 1.951247903736871)	(37.0, 2.0554100384179352)	(38.0, 2.1444289652301727)	(39.0, 2.2108483530554786)	(40.0, 2.2576073216547186)	(41.0, 2.27612849491843)	(42.0, 2.276618572915254)	(43.0, 2.267572016220112)	(44.0, 2.245947914456569)	(45.0, 2.2482648306533797)	(46.0, 2.257100390906973)	(47.0, 2.2376799548540416)	(48.0, 2.220360719786115)	(49.0, 2.2073564630643583)	(50.0, 2.1866848787829487)	(51.0, 2.138101094313832)	(52.0, 2.058441511253856)	(53.0, 1.9818828343636006)	(54.0, 1.9142689235529153)	(55.0, 1.86239480799371)	(56.0, 1.8145673749859905)	(57.0, 1.7509091418718097)	(58.0, 1.7013593577198214)	(59.0, 1.7212752646498706)	(60.0, 1.7264659119339683)	(61.0, 1.7428306071896504)	(62.0, 1.715355230305852)	(63.0, 1.6140115496890488)	(64.0, 1.6181317102345556)	(65.0, 1.4839372992997466)	(66.0, 1.176848494321978)	(67.0, 0.9351834166450199)	(68.0, 0.7805223508800176)	(69.0, 0.7139499400763365)	(70.0, 0.6549086866048551)	(71.0, 0.6629980070476047)	(72.0, 0.7417172066061112)	(73.0, 0.7090296109170341)	(74.0, 0.7828696020284888)	(75.0, 1.0073246504634972)	(76.0, 1.2121462440739155)	(77.0, 1.6355385796072788)	(78.0, 1.8613492633264845)	(79.0, 1.4622087104804844)	(80.0, 1.0681495990926047)	(81.0, 1.0470465843875818)	(82.0, 1.1420219474858304)	(83.0, 1.2052763886879103)	(84.0, 1.2558892443680838)	(85.0, 1.1978099459192526)	(86.0, 1.2184195120772678)	(87.0, 1.3000232284836515)	(88.0, 1.0521185883051858)	(89.0, 0.6400108547894581)	(90.0, 0.35828476583985674)	(91.0, 0.2584261496343351)	(92.0, 0.22009962348662465)	(93.0, 0.17485672836036337)	(94.0, 0.17028895875035746)	(95.0, 0.17489650085254022)	(96.0, 0.18830657181650828)	(97.0, 0.2046079007287224)	(98.0, 0.19175868931545165)	(99.0, 0.1571074110888971)	(100.0, 0.12298665746137954)
SRR10089670_1	(0.0, 0.0035587518103948304)	(1.0, 0.002732317052811678)	(2.0, 0.0015970741204364258)	(3.0, 0.001307600983422006)	(4.0, 0.0014180869135801814)	(5.0, 0.0016296674698330874)	(6.0, 0.0018395907371336205)	(7.0, 0.002116910421830641)	(8.0, 0.002224081774084071)	(9.0, 0.0021064142584656144)	(10.0, 0.0022550178345283603)	(11.0, 0.0028599283021443706)	(12.0, 0.0036957543637909677)	(13.0, 0.004909442306578525)	(14.0, 0.006695999797236222)	(15.0, 0.00883003553824138)	(16.0, 0.011945738768701926)	(17.0, 0.016472899756933165)	(18.0, 0.023130229478614022)	(19.0, 0.03370483785405299)	(20.0, 0.049419251700450285)	(21.0, 0.07175011547436991)	(22.0, 0.10490141881833044)	(23.0, 0.14787492135335276)	(24.0, 0.20411557438176878)	(25.0, 0.27597893793455086)	(26.0, 0.3619380964569129)	(27.0, 0.4642397813386215)	(28.0, 0.5857378441556622)	(29.0, 0.7176199271186191)	(30.0, 0.8475961277863474)	(31.0, 0.9809465687611065)	(32.0, 1.1169204981474714)	(33.0, 1.2525530260096476)	(34.0, 1.385497431191075)	(35.0, 1.5218856828155334)	(36.0, 1.647964492296932)	(37.0, 1.7526802947525968)	(38.0, 1.8640600560857516)	(39.0, 1.9554971070253562)	(40.0, 2.0283261176077207)	(41.0, 2.1050083250043516)	(42.0, 2.1600413668161385)	(43.0, 2.1834444965422435)	(44.0, 2.1928700512440376)	(45.0, 2.2198015491497434)	(46.0, 2.2469214255663688)	(47.0, 2.2398746329408805)	(48.0, 2.2263721474162503)	(49.0, 2.234479052541606)	(50.0, 2.260029476320335)	(51.0, 2.2896971582864083)	(52.0, 2.2784695780637345)	(53.0, 2.181082307355462)	(54.0, 2.09175664254118)	(55.0, 2.050540971154974)	(56.0, 2.0093672844222286)	(57.0, 2.0364855035499017)	(58.0, 2.1198708923292293)	(59.0, 2.3838792321607927)	(60.0, 2.4822514849364254)	(61.0, 2.314109024554857)	(62.0, 2.0989536960316837)	(63.0, 1.9174374662341187)	(64.0, 1.8209313208188571)	(65.0, 1.546048955741126)	(66.0, 1.301903224003749)	(67.0, 1.1902632683050713)	(68.0, 1.0902851025345892)	(69.0, 0.9677330039438394)	(70.0, 0.8044878324165321)	(71.0, 0.7900661039529855)	(72.0, 0.8737056103716766)	(73.0, 0.9354346519807001)	(74.0, 1.105435485707529)	(75.0, 1.5727793692539442)	(76.0, 1.7501711592787044)	(77.0, 1.853645652309042)	(78.0, 2.0311296980854845)	(79.0, 1.7167679480139832)	(80.0, 1.3954024948297556)	(81.0, 1.295697781736415)	(82.0, 1.3592117235471437)	(83.0, 1.2918241450250694)	(84.0, 1.0618570727048906)	(85.0, 0.7237938808958579)	(86.0, 0.5026938569005236)	(87.0, 0.4605208249294973)	(88.0, 0.30328056370628675)	(89.0, 0.16470524309434761)	(90.0, 0.09792533718814324)	(91.0, 0.06009164012407924)	(92.0, 0.04139686831166516)	(93.0, 0.0286904339138242)	(94.0, 0.020820521108657366)	(95.0, 0.015553104388366353)	(96.0, 0.011100521402991883)	(97.0, 0.007676009997739236)	(98.0, 0.005345861730703318)	(99.0, 0.0038023732863936067)	(100.0, 0.0025439385418919887)
SRR10089670_2	(0.0, 0.006148659185352276)	(1.0, 0.00491318093782822)	(2.0, 0.0040716633300557975)	(3.0, 0.004804883202356523)	(4.0, 0.005371788695182856)	(5.0, 0.005822660900003799)	(6.0, 0.006366359735229055)	(7.0, 0.006857014781651847)	(8.0, 0.007155938633132399)	(9.0, 0.0071587013304658595)	(10.0, 0.00729849381553902)	(11.0, 0.007841640111297583)	(12.0, 0.008648900272135081)	(13.0, 0.009888246295925983)	(14.0, 0.011622115142406521)	(15.0, 0.013694138142502768)	(16.0, 0.01659828557943767)	(17.0, 0.02140040608446073)	(18.0, 0.028690611807999367)	(19.0, 0.03962868309064078)	(20.0, 0.055842401201260584)	(21.0, 0.07922366127381332)	(22.0, 0.11328495669806216)	(23.0, 0.15983253899062433)	(24.0, 0.22011569988569119)	(25.0, 0.29537378540705367)	(26.0, 0.3877246793305434)	(27.0, 0.4958991985011682)	(28.0, 0.6167710746163828)	(29.0, 0.7486473267502418)	(30.0, 0.8818303347228282)	(31.0, 1.0178694191987474)	(32.0, 1.1559573200171618)	(33.0, 1.2972134821375898)	(34.0, 1.4282984977551454)	(35.0, 1.5536067132484328)	(36.0, 1.6768163838472225)	(37.0, 1.779530155468527)	(38.0, 1.8796359408070438)	(39.0, 1.971872459060928)	(40.0, 2.0390695463027164)	(41.0, 2.084998284392583)	(42.0, 2.1153360163507924)	(43.0, 2.139711847463391)	(44.0, 2.148537007825401)	(45.0, 2.176631429548839)	(46.0, 2.211930965917946)	(47.0, 2.2129470859971927)	(48.0, 2.2203864773767386)	(49.0, 2.221576094848527)	(50.0, 2.2117663091568716)	(51.0, 2.189539304030239)	(52.0, 2.1399627003812696)	(53.0, 2.0915000162971515)	(54.0, 2.0394065953773985)	(55.0, 2.0088942609477143)	(56.0, 1.979564360976752)	(57.0, 1.9215963404471261)	(58.0, 1.9128225662555187)	(59.0, 2.032157830113862)	(60.0, 2.113454066927238)	(61.0, 2.191004638695907)	(62.0, 2.213468130714284)	(63.0, 2.125650270575538)	(64.0, 2.1334106873852314)	(65.0, 1.8985968851460577)	(66.0, 1.4832253410600968)	(67.0, 1.20134622704807)	(68.0, 1.0031105375039284)	(69.0, 0.9137875598579127)	(70.0, 0.846575554050524)	(71.0, 0.8519793900347751)	(72.0, 0.9590223083776139)	(73.0, 0.9611142227985111)	(74.0, 1.062437252582151)	(75.0, 1.3223761294507586)	(76.0, 1.5199034633986004)	(77.0, 2.038621989334695)	(78.0, 2.37707893457815)	(79.0, 1.861927603439021)	(80.0, 1.297995878022426)	(81.0, 1.1991493301285012)	(82.0, 1.2173610309506806)	(83.0, 1.1149677322200577)	(84.0, 0.9920100196180794)	(85.0, 0.7789170963540479)	(86.0, 0.604418502299009)	(87.0, 0.509747495154878)	(88.0, 0.3022805287407078)	(89.0, 0.14539744542328714)	(90.0, 0.09328192292486634)	(91.0, 0.06887238690479917)	(92.0, 0.05854487173285278)	(93.0, 0.054522384415332595)	(94.0, 0.05470969529454131)	(95.0, 0.057058540567450404)	(96.0, 0.05678337591303763)	(97.0, 0.05307196831526523)	(98.0, 0.04690120755124526)	(99.0, 0.03865621362926227)	(100.0, 0.03959774088050601)
