Sample	0	1	2	3	4	5	6	7	8	9	10	11	12	13	14	15	16	17	18	19	20	21	22	23	24	25	26	27	28	29	30	31	32	33	34	35	36	37
SRR10089413_1	(1, 0.010432525017257978)	(2, 0.07974732183513121)	(3, 0.02760016707510354)	(4, 0.0)	(5, 0.0)	(6, 0.0018365487319863107)	(7, 4.420093217776921e-06)	(8, 0.0)	(9, 0.0)	(10, 3.1382661846216143e-05)	(15, 8.840186435553843e-07)	(20, 0.0)	(25, 4.199088556888075e-06)	(30, 0.00029017911974705483)	(35, 5.967125843998843e-05)	(40, 0.00010453520460042418)	(45, 1.7680372871107685e-06)	(50, 0.00030653346465282945)	(55, 4.618997412576882e-05)	(60, 8.840186435553842e-06)	(65, 8.840186435553842e-06)	(70, 6.917445885820882e-05)	(75, 0.0001093973071399788)	(80, 0.000512509808601234)	(85, 0.00015315622999597032)	(90, 0.0007469957538042997)	(95, 0.0004904093425123493)	(100, 0.0004899673331905717)	(105, 0.0003069754739746072)	(110, 0.00020177725539151644)	(115, 0.0006548368102136508)	(120, 0.00021282748843595874)	(125, 0.0001434320249168611)	(130, 0.0002121644744532922)	(135, 0.00029305218033860985)	(140, 0.0011834799590597707)	(145, 0.0004992495289479032)	(150, 0.0005005755569132363)
SRR10089413_2	(1, 0.007413601349516341)	(2, 0.04427275869255808)	(3, 0.00580689746485443)	(4, 0.0008740734338153861)	(5, 0.001156959399753109)	(6, 0.0)	(7, 0.0)	(8, 0.006188130504887689)	(9, 0.0)	(10, 0.00020708136725284873)	(15, 0.00011602744696664416)	(20, 0.00020774438123551527)	(25, 0.000450849508213246)	(30, 0.002039873020004049)	(35, 0.000506763687418124)	(40, 0.000394714324347479)	(45, 0.0001905060176861853)	(50, 0.0009328606736118191)	(55, 0.0006800313415549793)	(60, 0.0008842396482162731)	(65, 6.011326776176613e-05)	(70, 0.00023006585198528874)	(75, 0.0006546158055527621)	(80, 0.0012805010051899742)	(85, 0.0008866706994860505)	(90, 6.829044021465342e-05)	(95, 8.39817711377615e-06)	(100, 0.00039648236163458987)	(105, 0.002497573672704849)	(110, 0.0004391362611861371)	(115, 0.00012111055416708764)	(120, 0.0010641374421797938)	(125, 0.0015306782813161476)	(130, 0.002322316976619994)	(135, 0.0007483217817696328)	(140, 0.0001295087312808638)	(145, 0.0001858649198075195)	(150, 0.00021437452106218066)
SRR10089428_1	(1, 0.010541926888717298)	(2, 0.07977267145350111)	(3, 0.02765131148923927)	(4, 0.0)	(5, 0.0)	(6, 0.0018877824479967167)	(7, 0.0)	(8, 0.0)	(9, 0.0)	(10, 2.941372396623237e-05)	(15, 7.232882942516156e-07)	(20, 0.0)	(25, 3.85753756934195e-06)	(30, 0.00027316187912902686)	(35, 5.40055259707873e-05)	(40, 0.00010126036119522618)	(45, 7.232882942516156e-07)	(50, 0.00029775368113358177)	(55, 4.02630483800066e-05)	(60, 6.750690746348412e-06)	(65, 6.268498550180669e-06)	(70, 6.099731281521959e-05)	(75, 9.812611192013585e-05)	(80, 0.0005094360552512213)	(85, 0.00013911244859439407)	(90, 0.0007314855615864673)	(95, 0.0004498853190245049)	(100, 0.0004713428717539695)	(105, 0.0002924495669757366)	(110, 0.00019408235895751688)	(115, 0.0006663896151038219)	(120, 0.00019673441603643946)	(125, 0.00012657545149403275)	(130, 0.00018829605260350395)	(135, 0.0002828057230523817)	(140, 0.001191496916730495)	(145, 0.0004713428717539695)	(150, 0.0004719456119991792)
SRR10089428_2	(1, 0.007172608917995189)	(2, 0.04417362709092701)	(3, 0.005611511682902118)	(4, 0.0008076719285809708)	(5, 0.0011174804146187461)	(6, 0.0)	(7, 0.0)	(8, 0.0060876764766177646)	(9, 0.0)	(10, 0.00019432345505560072)	(15, 0.0001116274934128327)	(20, 0.0002042083950770395)	(25, 0.000457359298065105)	(30, 0.002006401728253982)	(35, 0.0004906305596006793)	(40, 0.00037900306618784664)	(45, 0.00018419741893607811)	(50, 0.0009166473649148809)	(55, 0.0006601211165536413)	(60, 0.0008730089711617)	(65, 4.725483522443889e-05)	(70, 0.00021843306486398793)	(75, 0.0006295019120969895)	(80, 0.0012611736890767338)	(85, 0.0008749377399463711)	(90, 6.316717769797443e-05)	(95, 5.786306354012925e-06)	(100, 0.0003927455437786273)	(105, 0.002461350065338248)	(110, 0.0004561538175746856)	(115, 0.00011789599196301335)	(120, 0.0010545543330188556)	(125, 0.0015350588565000124)	(130, 0.00231886227137068)	(135, 0.0007584883245718609)	(140, 0.0001362192954173876)	(145, 0.00018974262919200718)	(150, 0.0002230138907275815)
SRR10089431_1	(1, 0.025817621232097694)	(2, 0.0)	(3, 0.04436976870968241)	(4, 0.0)	(5, 0.00017197584771194734)	(6, 0.0008123329747805512)	(7, 0.0)	(8, 0.0)	(9, 0.0)	(10, 0.0)	(15, 6.6767093817579556e-06)	(20, 0.00016873865528442835)	(25, 0.011428300891775699)	(30, 0.0005391948637086349)	(35, 0.012300117277411912)	(40, 0.011637504452404116)	(45, 0.005569994220599894)	(50, 0.001423555370001484)	(55, 0.0029654705881341317)	(60, 0.0011073221347382208)	(65, 0.00031501928810294356)	(70, 0.00028790780152247183)	(75, 0.00040141186101235707)	(80, 0.0005035857470059258)	(85, 0.00034860515953845324)	(90, 0.000986332067759698)	(95, 0.0004091001930277147)	(100, 0.0003743003744318854)	(105, 0.00011734822549756406)	(110, 6.069735801598141e-07)	(115, 0.0003040937636600669)	(120, 0.00013495045932219868)	(125, 0.00012139471603196282)	(130, 7.101590887869825e-05)	(135, 0.00011835984813116375)	(140, 3.115797711487046e-05)	(145, 5.058113167998451e-05)	(150, 1.6185962137595044e-05)
SRR10089431_2	(1, 0.029771042484205285)	(2, 0.019057958794384565)	(3, 0.002944833486408698)	(4, 8.19414333215749e-05)	(5, 0.00011633660286396436)	(6, 0.0034617726521781397)	(7, 0.00046534641145585745)	(8, 0.00027516135633911577)	(9, 0.000372277129164686)	(10, 0.00034516564258421433)	(15, 0.0005610459125943881)	(20, 0.001394015989100373)	(25, 0.00104460153145504)	(30, 0.0001936245720709807)	(35, 0.00021668956811705364)	(40, 0.00021851048885753311)	(45, 0.0022391255372095544)	(50, 0.0009361555851331533)	(55, 0.00021729654169721347)	(60, 0.00015821777989499154)	(65, 0.001770137284272738)	(70, 0.0030688584212880204)	(75, 0.0006261944101982082)	(80, 0.0003425354237368551)	(85, 0.0005001462300516868)	(90, 0.0029409893204010193)	(95, 0.003959086338855748)	(100, 0.00044349536257010417)	(105, 0.00031724485789686287)	(110, 0.0002826473638277534)	(115, 0.0026077608248932815)	(120, 0.0007916958730551176)	(125, 0.00022458022465913122)	(130, 0.00019079202869690156)	(135, 0.0010994314781961432)	(140, 0.0027222765070167663)	(145, 0.0003303959521336588)	(150, 0.00012139471603196282)
SRR10089494_1	(1, 0.0006606811935427445)	(2, 0.05317446174739976)	(3, 0.0002861131780300811)	(4, 3.276105091947493e-06)	(5, 0.0)	(6, 0.0009402421613889304)	(7, 0.002471275274359059)	(8, 0.0)	(9, 0.0)	(10, 0.0)	(15, 0.00013606756481888589)	(20, 0.00010155925785037229)	(25, 3.6692377029811926e-05)	(30, 6.63957298634692e-05)	(35, 8.16842202925575e-05)	(40, 0.0006781537540331311)	(45, 7.382156807188352e-05)	(50, 1.1575571324881142e-05)	(55, 3.6692377029811926e-05)	(60, 3.3634678943994264e-05)	(65, 0.0006491056222178633)	(70, 0.0002863315850362109)	(75, 1.747256049038663e-06)	(80, 1.747256049038663e-06)	(85, 7.4476789090273e-05)	(90, 0.0012119404770144426)	(95, 1.5725304441347968e-05)	(100, 1.9438223545555127e-05)	(105, 1.3104420367789971e-06)	(110, 0.0004040529613401908)	(115, 0.0010933454726859432)	(120, 3.712919104207159e-05)	(125, 1.3104420367789971e-06)	(130, 2.6208840735579944e-05)	(135, 0.00018717480425326676)	(140, 0.0003313234282989565)	(145, 0.0002817450379074844)	(150, 1.1466367821816225e-05)
SRR10089494_2	(1, 0.004015412807696977)	(2, 0.0031155759424420664)	(3, 0.0029037211464961283)	(4, 0.002606687618159555)	(5, 0.0004728511682710882)	(6, 0.000724019225320396)	(7, 0.00024024770674281617)	(8, 0.00016162118453607634)	(9, 0.003941154425612835)	(10, 0.0002492023939941393)	(15, 1.747256049038663e-06)	(20, 2.053025857620429e-05)	(25, 6.11539617163532e-06)	(30, 0.001384263604850881)	(35, 0.00017756489598355412)	(40, 4.0623703140148916e-05)	(45, 2.205910761911312e-05)	(50, 5.198086745890022e-05)	(55, 0.0010577451306867808)	(60, 3.691078403594176e-05)	(65, 2.1840700612983286e-05)	(70, 0.0002668933614906558)	(75, 0.00023325868254666152)	(80, 0.0004245832199163951)	(85, 0.0002688590245458243)	(90, 3.603715601142242e-05)	(95, 2.1840700612983287e-07)	(100, 6.683254387572886e-05)	(105, 0.0007458599259333793)	(110, 0.0002385004506937775)	(115, 2.1840700612983287e-07)	(120, 6.552210183894986e-07)	(125, 0.00015266649728475318)	(130, 0.0010391805351657448)	(135, 1.8346188514905963e-05)	(140, 8.736280245193315e-07)	(145, 9.173094257452981e-06)	(150, 2.566282322025536e-05)
SRR10089583_1	(1, 0.025808411507765368)	(2, 0.0)	(3, 0.044344229294559896)	(4, 0.0)	(5, 0.00014550576544365522)	(6, 0.0007881562294864658)	(7, 0.0)	(8, 0.0)	(9, 0.0)	(10, 0.0)	(15, 5.658557545031036e-06)	(20, 0.00017245127756285064)	(25, 0.01137720358208788)	(30, 0.0005407964282322519)	(35, 0.012215747919237241)	(40, 0.011571480724467278)	(45, 0.005525716170283404)	(50, 0.0013992804443498177)	(55, 0.0029039178410856896)	(60, 0.0010956045227664855)	(65, 0.00033681890148994266)	(70, 0.0003158014020369702)	(75, 0.00044460094996672434)	(80, 0.0005316349541117255)	(85, 0.0003440941897621254)	(90, 0.0010403662229221348)	(95, 0.00045834316114751395)	(100, 0.000434631110482622)	(105, 0.00012826063768737016)	(110, 8.083653635758624e-07)	(115, 0.00034948329218596454)	(120, 0.00016059525223040467)	(125, 0.00015197268835226213)	(130, 8.029762611520234e-05)	(135, 0.00012367990062710696)	(140, 3.2873524785418404e-05)	(145, 5.57772100867345e-05)	(150, 1.414639386257759e-05)
SRR10089583_2	(1, 0.029605034165360002)	(2, 0.019007364248880446)	(3, 0.0029316717185684607)	(4, 9.70038436291035e-05)	(5, 0.0001333802849900173)	(6, 0.0033776199441411447)	(7, 0.0004971446985991553)	(8, 0.0003300825234601438)	(9, 0.0004203499890594484)	(10, 0.00039609902815217256)	(15, 0.0005984598241673302)	(20, 0.0013820353165935326)	(25, 0.0010371327614678314)	(30, 0.00023765941689130352)	(35, 0.00024439579492110237)	(40, 0.00024628198076944607)	(45, 0.002248064076104473)	(50, 0.0009587213212009729)	(55, 0.00026002419195023574)	(60, 0.00018673239898602423)	(65, 0.001751458287747702)	(70, 0.0030335257543790193)	(75, 0.0006593566815567117)	(80, 0.00037885390039588753)	(85, 0.0005381018770203325)	(90, 0.002942988833658523)	(95, 0.003933775314281338)	(100, 0.0004966057883567715)	(105, 0.00036861460579059327)	(110, 0.0003325076195508714)	(115, 0.00258676916344276)	(120, 0.000799473344576528)	(125, 0.00025679073049593226)	(130, 0.00021367791110521965)	(135, 0.0011309031436426314)	(140, 0.0026816173661023276)	(145, 0.0003610698623972185)	(150, 0.0001239493557482989)
SRR10089589_1	(1, 0.013777100575439577)	(2, 0.0006759327843650009)	(3, 9.94018800536766e-05)	(4, 0.00504438382882921)	(5, 0.0005692065552547376)	(6, 0.0019210721239847394)	(7, 0.0)	(8, 4.185342318049541e-06)	(9, 0.0)	(10, 3.3692005660298804e-05)	(15, 1.6950636388100642e-05)	(20, 1.8624773315320457e-05)	(25, 0.000652285600268021)	(30, 0.0017348243908315345)	(35, 0.00023856451212882383)	(40, 0.0002569800183282418)	(45, 0.0002316586973040421)	(50, 0.0006786532568717331)	(55, 0.001004063622100085)	(60, 0.0005664860827480053)	(65, 0.00034131466603694007)	(70, 0.0003691471924519695)	(75, 0.0009550951169789052)	(80, 0.0007033467765482253)	(85, 0.00046164325768086436)	(90, 0.00012430466684607136)	(95, 8.93570584903577e-05)	(100, 0.0006035263622627438)	(105, 0.0006411944431251897)	(110, 1.7369170619905597e-05)	(115, 2.0926711590247704e-05)	(120, 4.7712902425764764e-05)	(125, 0.0008939891191353819)	(130, 0.00025467808005331455)	(135, 4.3527560107715225e-05)	(140, 2.0089643126637798e-05)	(145, 0.00021031345148198944)	(150, 8.475318194050321e-05)
SRR10089589_2	(1, 0.014987710840935406)	(2, 0.0008548561684616187)	(3, 3.1390067385371557e-06)	(4, 8.579951752001558e-05)	(5, 0.0)	(6, 0.00015381133018832062)	(7, 0.00016741369272198163)	(8, 0.000428997587600078)	(9, 9.417020215611467e-06)	(10, 0.0003036465851744942)	(15, 0.0010559618668438992)	(20, 0.0006820015307261726)	(25, 0.0005386535563329758)	(30, 0.0008322553199441512)	(35, 0.00031410994096961806)	(40, 0.0009433761584883666)	(45, 0.0006047819649581587)	(50, 0.00020236130107769532)	(55, 7.19878878704521e-05)	(60, 0.0005160527078155084)	(65, 0.0012915966393500884)	(70, 0.0008952447218307968)	(75, 0.00019189794528257147)	(80, 0.0012461856751992508)	(85, 0.0006008058897560116)	(90, 0.0013152438234470681)	(95, 0.0008778755512108911)	(100, 0.00014460357708861164)	(105, 5.0642642048399446e-05)	(110, 0.00036538038436572496)	(115, 0.0010013431495933527)	(120, 0.00021303392398872164)	(125, 5.0224107816594495e-06)	(130, 7.533616172489173e-06)	(135, 0.0002170099991908687)	(140, 0.0003745881374654339)	(145, 1.9880376010735317e-05)	(150, 8.893852425855276e-06)
SRR10089616_1	(1, 0.013505369260202902)	(2, 0.0007371220300669515)	(3, 0.00010511063682855982)	(4, 0.005139640626463169)	(5, 0.0005619376353526852)	(6, 0.0020981700197700978)	(7, 0.0)	(8, 5.390289068131273e-06)	(9, 0.0)	(10, 3.3150277769007325e-05)	(15, 1.9405040645272583e-05)	(20, 1.77879539248332e-05)	(25, 0.000637401682306523)	(30, 0.0017742136467754084)	(35, 0.00024067640689206136)	(40, 0.00024498863814656637)	(45, 0.0002355556322773366)	(50, 0.0006837581682924519)	(55, 0.0010144524026223056)	(60, 0.000594818398668286)	(65, 0.00033904918238545706)	(70, 0.00036573111327270686)	(75, 0.0009352151533207758)	(80, 0.0007497892093770601)	(85, 0.0004635648598592895)	(90, 0.00012424616302042583)	(95, 9.621665986614321e-05)	(100, 0.0006064075201647682)	(105, 0.0006619274975665203)	(110, 1.859649728505289e-05)	(115, 2.0213584005492272e-05)	(120, 5.983220865625713e-05)	(125, 0.0008947879853097914)	(130, 0.00027706085810194744)	(135, 5.0668717240433966e-05)	(140, 2.07526129123054e-05)	(145, 0.00021102981701733934)	(150, 8.220190828900191e-05)
SRR10089616_2	(1, 0.014974223031268677)	(2, 0.0008786171181053975)	(3, 2.6951445340656364e-06)	(4, 9.028734189119882e-05)	(5, 0.0)	(6, 0.00013206208216921618)	(7, 0.000163056244310971)	(8, 0.0004729978657285192)	(9, 2.6951445340656364e-05)	(10, 0.0002948488120267806)	(15, 0.001030892784280106)	(20, 0.0007163694171546461)	(25, 0.000546036282601698)	(30, 0.0008053091867788122)	(35, 0.00030482084680282347)	(40, 0.0009171576849425361)	(45, 0.0006338979944122377)	(50, 0.00020078826778788993)	(55, 7.573356140724438e-05)	(60, 0.00048485650167840805)	(65, 0.0012664484165574425)	(70, 0.0009174271993959426)	(75, 0.00018946866074481423)	(80, 0.0012230565895589858)	(85, 0.0005964354853887253)	(90, 0.0012942084052583187)	(95, 0.0009026039044585817)	(100, 0.0001401475157714131)	(105, 5.3363861774499604e-05)	(110, 0.0003589932519375428)	(115, 0.0010128353159018662)	(120, 0.00022908728539557913)	(125, 5.390289068131273e-06)	(130, 6.198832428350964e-06)	(135, 0.00020698710021624088)	(140, 0.0003875617839986385)	(145, 2.3986786353184164e-05)	(150, 9.433005869229727e-06)
SRR10089670_1	(1, 0.011162485034558071)	(2, 0.0016749804327813558)	(3, 0.0003270410343689191)	(4, 0.0019810289683225403)	(5, 0.0)	(6, 0.0005502244429585192)	(7, 0.0)	(8, 0.0)	(9, 0.0)	(10, 0.00012396622991957002)	(15, 9.479770523261235e-05)	(20, 1.3479393984124367e-05)	(25, 3.270410343689191e-05)	(30, 0.0)	(35, 3.137826140566656e-05)	(40, 6.010483874888242e-05)	(45, 8.176025859222977e-06)	(50, 2.430710390579804e-06)	(55, 0.0)	(60, 0.0004934342092877002)	(65, 8.529583734216403e-05)	(70, 0.0)	(75, 2.099249882773467e-05)	(80, 4.4194734374178255e-07)	(85, 0.0005124379450685969)	(90, 0.0001772208848404548)	(95, 0.0)	(100, 1.745692007780041e-05)	(105, 2.8063656327603192e-05)	(110, 0.0005062506822562119)	(115, 5.5243417967722816e-05)	(120, 0.0)	(125, 2.2097367187089126e-06)	(130, 4.0659155624244e-05)	(135, 0.001128291568572771)	(140, 0.00013324712413814743)	(145, 3.7565524218051512e-06)	(150, 0.0)
SRR10089670_2	(1, 0.0027356540577616337)	(2, 0.00416756345148501)	(3, 0.0001513669652315605)	(4, 1.76778937496713e-05)	(5, 0.00028726577343215863)	(6, 0.004575259876086804)	(7, 0.0001414231499973704)	(8, 4.198499765546934e-05)	(9, 2.2097367187089126e-06)	(10, 6.629210156126738e-06)	(15, 0.0)	(20, 4.618349742101627e-05)	(25, 7.071157499868521e-06)	(30, 0.00038559905741470524)	(35, 1.568913070283328e-05)	(40, 0.0)	(45, 1.038576257793189e-05)	(50, 1.6573025390316845e-05)	(55, 0.00039731066202386254)	(60, 1.6131078046575064e-05)	(65, 1.7677893749671302e-06)	(70, 1.9887630468380217e-06)	(75, 5.6569259998948166e-05)	(80, 0.0008136250598286217)	(85, 4.2647918671082017e-05)	(90, 8.838946874835651e-07)	(95, 1.7677893749671302e-06)	(100, 5.9220944061398865e-05)	(105, 0.000729434090845812)	(110, 3.977526093676043e-06)	(115, 1.3258420312253476e-06)	(120, 1.1048683593544563e-06)	(125, 5.811607570204441e-05)	(130, 0.0008136250598286217)	(135, 3.447189281185904e-05)	(140, 3.314605078063369e-06)	(145, 1.0827709921673673e-05)	(150, 5.69007205067545e-05)
