Sample	0	1	2	3	4	5	6	7	8	9	10	11	12	13	14	15	16	17	18	19	20	21	22	23	24	25	26	27	28	29	30	31	32	33	34	35
SRR10089413_1 - illumina_universal_adapter	(1, 0.0009680004146931457)	(2, 0.0009724205079109226)	(3, 0.001050877162526463)	(4, 0.0012409411708908706)	(5, 0.0014022745733397281)	(6, 0.0014906764376952666)	(7, 0.0016100189545752435)	(8, 0.0017017358888441146)	(9, 0.0017625121705885473)	(10, 0.0022922603427391114)	(15, 0.0036596161796584015)	(20, 0.0060745341091908225)	(25, 0.0095761319563137)	(30, 0.013916884500831525)	(35, 0.01952377274758155)	(40, 0.025495760694119952)	(45, 0.03222734166013331)	(50, 0.039965377851834474)	(55, 0.0498064943965539)	(60, 0.06248663681505144)	(65, 0.08018402704504757)	(70, 0.10649529493784735)	(75, 0.14915074152202085)	(80, 0.22000770886357648)	(85, 0.33909695440217474)	(90, 0.5375553828011232)	(95, 0.8661022377064471)	(100, 1.3835099516022997)	(105, 2.1670833028116685)	(110, 3.294704333831784)	(115, 4.841336720612836)	(120, 6.8434159545629445)	(125, 9.299040732584482)	(130, 12.141302998616656)	(135, 15.36694006085076)	(140, 17.41233289326517)
SRR10089413_1 - polya	(1, 0.009462314555955944)	(2, 0.018053870748009834)	(3, 0.0231071423192333)	(4, 0.029912980851305313)	(5, 0.03310207810793136)	(6, 0.03726470089577277)	(7, 0.04184944258591189)	(8, 0.049831025913912565)	(9, 0.06202937817167242)	(10, 0.08273640987365286)	(15, 0.12042234565307978)	(20, 0.16367494683097492)	(25, 0.2149349888821948)	(30, 0.25268722605988836)	(35, 0.28229256842323636)	(40, 0.31237704889139145)	(45, 0.34472307005442204)	(50, 0.37520314886556816)	(55, 0.4159687845944811)	(60, 0.4437663088317585)	(65, 0.473959081583749)	(70, 0.5074152091584244)	(75, 0.540592428851058)	(80, 0.5701064962894588)	(85, 0.6071884263306766)	(90, 0.6426797858274772)	(95, 0.6868957463221868)	(100, 0.7179714326944284)	(105, 0.7469522158861046)	(110, 0.7773998070121)	(115, 0.804088329861037)	(120, 0.8299690806744253)	(125, 0.8558529255530661)	(130, 0.8891872795595915)	(135, 0.9227032993973676)	(140, 0.9375868582849272)
SRR10089413_1 - polyg	(1, 0.0)	(2, 0.0)	(3, 0.0008862286901642726)	(4, 0.0012122105649753207)	(5, 0.0015967586749219126)	(6, 0.0020453981365262702)	(7, 0.0027294075619772487)	(8, 0.0037217184893681672)	(9, 0.00511736292288123)	(10, 0.007581343887130975)	(15, 0.011820434287639932)	(20, 0.015478945443993886)	(25, 0.019714278765267733)	(30, 0.024621466255643668)	(35, 0.029932429261463535)	(40, 0.03572606644666464)	(45, 0.041630426966971036)	(50, 0.04762031629104143)	(55, 0.054978445470674674)	(60, 0.06161123735327072)	(65, 0.06984719704595446)	(70, 0.1801826689714064)	(75, 0.19511219682843065)	(80, 0.20450666295349368)	(85, 0.2145778453501984)	(90, 0.22645529884034765)	(95, 0.24277892409825874)	(100, 0.26252657456732065)	(105, 0.2994608734950646)	(110, 0.33358200409435446)	(115, 0.3786727010368621)	(120, 0.4245689599683097)	(125, 0.4739215107913979)	(130, 0.5145510076492034)	(135, 0.549972750677824)	(140, 0.5757712877573617)
SRR10089413_2 - illumina_universal_adapter	(1, 0.0009768406011286996)	(2, 0.000983470740955365)	(3, 0.0010597173489620168)	(4, 0.0012442562408042032)	(5, 0.001411114759775282)	(6, 0.0014984116008263761)	(7, 0.0016100189545752435)	(8, 0.001703945935453003)	(9, 0.001761407147284103)	(10, 0.0022993324918875544)	(15, 0.00375000708596194)	(20, 0.006363387200972545)	(25, 0.010316276565630444)	(30, 0.015311202906379256)	(35, 0.021542650324801155)	(40, 0.028190691528998536)	(45, 0.03554616865270111)	(50, 0.043974402400358145)	(55, 0.054454885429029)	(60, 0.06773593952048332)	(65, 0.08591092082266025)	(70, 0.11249711851360575)	(75, 0.15505333400504018)	(80, 0.22521457867411768)	(85, 0.3425682746107558)	(90, 0.5373308420656603)	(95, 0.858941023679666)	(100, 1.3646087489844423)	(105, 2.1311486079651254)	(110, 3.2334109011808714)	(115, 4.745660708848803)	(120, 6.704453969917222)	(125, 9.110203521092668)	(130, 11.889036565431098)	(135, 15.040240362901145)	(140, 17.042869456447544)
SRR10089413_2 - polya	(1, 0.015954326469565797)	(2, 0.021565634809533597)	(3, 0.025376860186561746)	(4, 0.03189207758956493)	(5, 0.036346426529779624)	(6, 0.04133781679595421)	(7, 0.04628279608334214)	(8, 0.05791427138592211)	(9, 0.07041429500579524)	(10, 0.0909820937714157)	(15, 0.1359163194140141)	(20, 0.17130690078544947)	(25, 0.20175935401398445)	(30, 0.22679188893888136)	(35, 0.24877013945029444)	(40, 0.27621516125345397)	(45, 0.3060837201679206)	(50, 0.3366086629252272)	(55, 0.3763373447852497)	(60, 0.40323604306669203)	(65, 0.43553079114839643)	(70, 0.4656901921965929)	(75, 0.4966584703036424)	(80, 0.529507498074856)	(85, 0.5763841336820065)	(90, 0.6108175438671323)	(95, 0.6471199904693951)	(100, 0.6738533772644925)	(105, 0.7001222122624017)	(110, 0.7251699965088999)	(115, 0.7468014907073783)	(120, 0.7672521570027276)	(125, 0.7902468079495687)	(130, 0.8172095975826688)	(135, 0.8440791232488738)	(140, 0.8569411525032827)
SRR10089413_2 - polyg	(1, 0.1801629995565873)	(2, 0.18190230623778253)	(3, 0.1822039775998958)	(4, 0.18243492747052464)	(5, 0.1827211285063757)	(6, 0.18293550302743788)	(7, 0.18323938443616003)	(8, 0.18378416092525104)	(9, 0.18485161343734416)	(10, 0.187846226592388)	(15, 0.19228996730888007)	(20, 0.1950412543322853)	(25, 0.19782458703151945)	(30, 0.20055244756087048)	(35, 0.20333445423213922)	(40, 0.20624022351350582)	(45, 0.20963640213738471)	(50, 0.21289820992744318)	(55, 0.2166795996752513)	(60, 0.22115184999299803)	(65, 0.2275996609744301)	(70, 0.23511625049592064)	(75, 0.24442054671934105)	(80, 0.25499584074753323)	(85, 0.26733828804419263)	(90, 0.28132257896659524)	(95, 0.29929445698541535)	(100, 0.3213911659950648)	(105, 0.3494317953593198)	(110, 0.38420621573619707)	(115, 0.4305785187071992)	(120, 0.49609999152557627)	(125, 0.593706921011796)	(130, 0.7484285270208421)	(135, 0.9937143069875629)	(140, 1.1957059369001415)
SRR10089428_1 - illumina_universal_adapter	(1, 0.0003700825105587433)	(2, 0.00037852087399167886)	(3, 0.0005026853645048729)	(4, 0.0009294254581133261)	(5, 0.0012368229831702627)	(6, 0.0014140286152619086)	(7, 0.001629809623046974)	(8, 0.001804604294157781)	(9, 0.0019504674334985235)	(10, 0.002618785817387017)	(15, 0.00399327467256317)	(20, 0.005911435228918455)	(25, 0.008338549648328792)	(30, 0.011483407151734817)	(35, 0.015523695563424344)	(40, 0.019780006078997017)	(45, 0.024815298087478684)	(50, 0.03111899666797959)	(55, 0.04018372776373701)	(60, 0.05404723559575582)	(65, 0.07750468045882612)	(70, 0.11890618461398476)	(75, 0.19598701813237945)	(80, 0.33920894971861315)	(85, 0.5974055118473778)	(90, 1.0468187647118345)	(95, 1.7971004192010187)	(100, 2.948462068483491)	(105, 4.605056503643191)	(110, 6.810514403358161)	(115, 9.567524230218131)	(120, 12.791881243198528)	(125, 16.421768402750647)	(130, 20.29852808180063)	(135, 24.410742451335416)	(140, 26.879536358702005)
SRR10089428_1 - polya	(1, 0.010377981542020265)	(2, 0.019942263753007464)	(3, 0.02551881650168742)	(4, 0.033116960032800645)	(5, 0.03669844256983656)	(6, 0.04113943269654148)	(7, 0.04605417665598121)	(8, 0.05376563535319385)	(9, 0.06593013898201561)	(10, 0.08808566491543302)	(15, 0.12510958721768278)	(20, 0.17025266171900505)	(25, 0.2272967218139434)	(30, 0.2687852616605103)	(35, 0.2997598417657377)	(40, 0.32989420196914276)	(45, 0.3625856273888253)	(50, 0.3936199993263775)	(55, 0.4354699422239722)	(60, 0.46501168821828703)	(65, 0.49754832994299986)	(70, 0.5347718798144631)	(75, 0.5699909567264569)	(80, 0.6005556734649418)	(85, 0.6381587085947891)	(90, 0.6755638038281093)	(95, 0.7244228924891983)	(100, 0.7593037115755805)	(105, 0.7912629281453825)	(110, 0.8237908904105643)	(115, 0.8511102125727419)	(120, 0.8778169095496887)	(125, 0.9038634854100817)	(130, 0.9375899363788383)	(135, 0.9731371450803245)	(140, 0.9885000295463269)
SRR10089428_1 - polyg	(1, 0.0)	(2, 0.0)	(3, 0.0010126036119522618)	(4, 0.0013814806420205858)	(5, 0.0016177548181427804)	(6, 0.0020107414580194916)	(7, 0.0025037829786010097)	(8, 0.0032692630900173028)	(9, 0.004390359946107307)	(10, 0.006355293145490863)	(15, 0.009924720877622587)	(20, 0.01305535371124166)	(25, 0.016482775841601984)	(30, 0.020267020197126437)	(35, 0.024286092152184583)	(40, 0.02844548203632754)	(45, 0.03305813258486817)	(50, 0.038017720418551504)	(55, 0.04322539613716314)	(60, 0.04840968553426063)	(65, 0.055263565410588945)	(70, 0.09768249509966152)	(75, 0.1102612018249914)	(80, 0.1177636302051653)	(85, 0.12758492085670992)	(90, 0.13835058492444904)	(95, 0.15062478727789896)	(100, 0.16473324874557096)	(105, 0.19058911759237965)	(110, 0.21339222764525037)	(115, 0.24246865817026336)	(120, 0.2739150633394408)	(125, 0.3097689462776896)	(130, 0.3410564691182298)	(135, 0.3746307884490956)	(140, 0.40154916780015987)
SRR10089428_2 - illumina_universal_adapter	(1, 0.00037852087399167886)	(2, 0.0003881647179150337)	(3, 0.0005111237279378084)	(4, 0.0009306309386037455)	(5, 0.0012356175026798433)	(6, 0.0014092066933002311)	(7, 0.0016249877010852964)	(8, 0.0018094262161194585)	(9, 0.0019564948359506204)	(10, 0.0026407255623126487)	(15, 0.004092606264973726)	(20, 0.0061971341051478435)	(25, 0.008952380314050332)	(30, 0.012526871064241819)	(35, 0.017008847527620996)	(40, 0.02171793651539518)	(45, 0.027176111079915955)	(50, 0.03385206203585837)	(55, 0.04318079335901762)	(60, 0.05720728215334112)	(65, 0.0804378555881145)	(70, 0.12097647680823098)	(75, 0.19584380705011767)	(80, 0.3340784247513883)	(85, 0.5832121845531804)	(90, 1.0148969180372358)	(95, 1.7306444496290823)	(100, 2.8253015021227186)	(105, 4.3976207961972005)	(110, 6.483458143559562)	(115, 9.093435273906987)	(120, 12.158034297221871)	(125, 15.620913707439096)	(130, 19.30049197828679)	(135, 23.202154714403953)	(140, 25.57251945205511)
SRR10089428_2 - polya	(1, 0.018289550000642522)	(2, 0.02442544569687706)	(3, 0.028738654891597527)	(4, 0.036222277776120915)	(5, 0.04145165214356009)	(6, 0.047334396936806564)	(7, 0.053170127990926686)	(8, 0.06602175549928747)	(9, 0.08035612401086407)	(10, 0.10405755812519528)	(15, 0.15446086729451142)	(20, 0.1933166377500025)	(25, 0.22581132875364865)	(30, 0.2532796483044423)	(35, 0.27737527453914057)	(40, 0.30689556298072607)	(45, 0.33984809547463346)	(50, 0.3733409243243469)	(55, 0.4155725223452083)	(60, 0.4482147641608818)	(65, 0.49159108645544547)	(70, 0.5278246957481763)	(75, 0.567751656167454)	(80, 0.6168626902510406)	(85, 0.6797629745684362)	(90, 0.7247331831674323)	(95, 0.7752044814364081)	(100, 0.811912567850168)	(105, 0.8446035110776544)	(110, 0.8730222314470947)	(115, 0.8957513249978536)	(120, 0.9163761318045365)	(125, 0.9393918886159172)	(130, 0.9670019726723842)	(135, 0.9956186329383512)	(140, 1.009553746311501)
SRR10089428_2 - polyg	(1, 0.13310674479112483)	(2, 0.13517534931268446)	(3, 0.1354634591498947)	(4, 0.13563704834051507)	(5, 0.13586729511418516)	(6, 0.13605896651216184)	(7, 0.1363434599079008)	(8, 0.13690883025790748)	(9, 0.13784789955994417)	(10, 0.14039266887521945)	(15, 0.14451830530563065)	(20, 0.14733888855711388)	(25, 0.15008738407527003)	(30, 0.1526724164389253)	(35, 0.15551421614703986)	(40, 0.1585334625833442)	(45, 0.162333137089146)	(50, 0.1672023138860479)	(55, 0.17332784245006483)	(60, 0.1793352339260207)	(65, 0.18710744883995045)	(70, 0.19489654048074612)	(75, 0.20265597730147747)	(80, 0.21197458258851717)	(85, 0.22284054263305916)	(90, 0.23520539711938865)	(95, 0.2515408632450614)	(100, 0.273265791547301)	(105, 0.3048074296752216)	(110, 0.35218136637211395)	(115, 0.42742914625677697)	(120, 0.5508286388507508)	(125, 0.7511245264480853)	(130, 1.0902927309261223)	(135, 1.6276882184799342)	(140, 2.0643154219747086)
SRR10089431_1 - illumina_universal_adapter	(1, 0.0023843945473944698)	(2, 0.002393499151096867)	(3, 0.002442057037509652)	(4, 0.0025482774140376196)	(5, 0.0026433699415959904)	(6, 0.0026949626959095747)	(7, 0.0027485786954903582)	(8, 0.0027880319782007464)	(9, 0.0028224271477431356)	(10, 0.0030652165798070613)	(15, 0.0036908040164251093)	(20, 0.004794686634209092)	(25, 0.006501091692565049)	(30, 0.008779265863431552)	(35, 0.011883733401422281)	(40, 0.01530949228784427)	(45, 0.019466856662885564)	(50, 0.024698766599336435)	(55, 0.031954933425620294)	(60, 0.04276756078258722)	(65, 0.06030646703035849)	(70, 0.08959961898245127)	(75, 0.14071771995635052)	(80, 0.23019371865297594)	(85, 0.3859662043180303)	(90, 0.6497217177878362)	(95, 1.0900013343302537)	(100, 1.7738993065225686)	(105, 2.773623841679439)	(110, 4.136840777375343)	(115, 5.89728833541441)	(120, 8.036788668693486)	(125, 10.559986541372483)	(130, 13.373835533831747)	(135, 16.487041872780562)	(140, 18.430021358388665)
SRR10089431_1 - polya	(1, 0.0054445530140335326)	(2, 0.014130344946120473)	(3, 0.01985107093912672)	(4, 0.027752855330173902)	(5, 0.03152620775350075)	(6, 0.03579019715412344)	(7, 0.041330854318348945)	(8, 0.0486711881477483)	(9, 0.060944193938579735)	(10, 0.08444398539257383)	(15, 0.11751575020568819)	(20, 0.15597258462198038)	(25, 0.21015630682474012)	(30, 0.25483644135841094)	(35, 0.2867484819843666)	(40, 0.3156327360679584)	(45, 0.3479211003136131)	(50, 0.37759664562120665)	(55, 0.4180433417577894)	(60, 0.44754488797240377)	(65, 0.47945409605498523)	(70, 0.5160576378065229)	(75, 0.5514704997183136)	(80, 0.5824093593707464)	(85, 0.6175191391415107)	(90, 0.6530993234368989)	(95, 0.7002271800948275)	(100, 0.7366267787234314)	(105, 0.7706943848570612)	(110, 0.8039304371858723)	(115, 0.8321520784444563)	(120, 0.8600103448530512)	(125, 0.8858075313079501)	(130, 0.919959102120169)	(135, 0.9587441069188006)	(140, 0.9763888288940465)
SRR10089431_1 - polyg	(1, 0.0)	(2, 0.0)	(3, 0.0004815323735934525)	(4, 0.0006838569003133906)	(5, 0.0009590182566525063)	(6, 0.0013555743290235849)	(7, 0.002005036059794586)	(8, 0.0026899045827415763)	(9, 0.0037207480463796604)	(10, 0.005446576259300733)	(15, 0.009523010823654043)	(20, 0.012881597967205016)	(25, 0.01625576409931342)	(30, 0.020430326059125904)	(35, 0.024707871203038835)	(40, 0.02902608357682247)	(45, 0.03340054216903425)	(50, 0.037923304639331745)	(55, 0.04255512002953129)	(60, 0.04742588068578708)	(65, 0.054682856810177816)	(70, 0.2382832602048192)	(75, 0.2657771401407915)	(80, 0.2737554032029389)	(85, 0.2837563045587054)	(90, 0.29457742954579463)	(95, 0.30555656998825204)	(100, 0.31905728100722003)	(105, 0.35400702207734885)	(110, 0.38361357472133084)	(115, 0.41367940404096715)	(120, 0.45225722852423783)	(125, 0.49140176400685115)	(130, 0.5300396788745578)	(135, 0.5618444875013517)	(140, 0.5844771160338242)
SRR10089431_2 - illumina_universal_adapter	(1, 0.002386417792661669)	(2, 0.0023955223963640663)	(3, 0.0024450919054104514)	(4, 0.0025401844329688223)	(5, 0.0026373002057943924)	(6, 0.0026899045827415763)	(7, 0.00274250895968876)	(8, 0.0027839854876663475)	(9, 0.002815345789307938)	(10, 0.003077356051410257)	(15, 0.0037391595783111747)	(20, 0.0049389440217604075)	(25, 0.00692111741003564)	(30, 0.009548908363074196)	(35, 0.01305276451681008)	(40, 0.01688661197362619)	(45, 0.021400067515694565)	(50, 0.027004254581310134)	(55, 0.03460700332186524)	(60, 0.04570591988414089)	(65, 0.06336642317247083)	(70, 0.09255679426498989)	(75, 0.14297849421791908)	(80, 0.2310610838990243)	(85, 0.3842913618858426)	(90, 0.6430164806478108)	(95, 1.0737874514079713)	(100, 1.7413222251772844)	(105, 2.7143532762258866)	(110, 4.037783498391368)	(115, 5.745220614158124)	(120, 7.822184054824282)	(125, 10.275129793712946)	(130, 12.997256782904467)	(135, 15.998670727859452)	(140, 17.88326765036177)
SRR10089431_2 - polya	(1, 0.015399931351288084)	(2, 0.022211186543314797)	(3, 0.02638514152954712)	(4, 0.03352213920959293)	(5, 0.039834664443255)	(6, 0.0463768280147442)	(7, 0.052589202607679894)	(8, 0.06573321548604066)	(9, 0.08125150668545991)	(10, 0.10762754361130464)	(15, 0.15529095329146095)	(20, 0.19609576384033803)	(25, 0.23124297364854546)	(30, 0.26010234181535075)	(35, 0.2851230067366986)	(40, 0.3127961462033448)	(45, 0.3441596850373628)	(50, 0.37800190164822667)	(55, 0.4227312010418903)	(60, 0.45459589772859366)	(65, 0.490744411619538)	(70, 0.5254297145332438)	(75, 0.5590485648666089)	(80, 0.5943914224921546)	(85, 0.6412791199368667)	(90, 0.6784083008088226)	(95, 0.721528310916956)	(100, 0.7527332273220255)	(105, 0.7799143135396889)	(110, 0.8064163986456799)	(115, 0.8301043519095238)	(120, 0.8517735110457558)	(125, 0.8750972801615035)	(130, 0.9031487664931162)	(135, 0.9336831794166356)	(140, 0.9477396759105033)
SRR10089431_2 - polyg	(1, 0.27699846304173276)	(2, 0.280060644753639)	(3, 0.28041167780749815)	(4, 0.2806413161453253)	(5, 0.2808345360683428)	(6, 0.2810601279156355)	(7, 0.28140306798842585)	(8, 0.28204241349286086)	(9, 0.2833979878218844)	(10, 0.2865194506201196)	(15, 0.2900131905475195)	(20, 0.29171878630776854)	(25, 0.2934001031248113)	(30, 0.2951542567714731)	(35, 0.29717042068023736)	(40, 0.2998601229384522)	(45, 0.30287111654509824)	(50, 0.30581858025035435)	(55, 0.3087221395333122)	(60, 0.31210338702385576)	(65, 0.31837726827291435)	(70, 0.3253072879621256)	(75, 0.33387775491398225)	(80, 0.3432977825535358)	(85, 0.35313763358603334)	(90, 0.3630175448748213)	(95, 0.37588032666104143)	(100, 0.3932492803063679)	(105, 0.41732448271435346)	(110, 0.4519925880432882)	(115, 0.5075065940092315)	(120, 0.5998487219513715)	(125, 0.7543587025696935)	(130, 1.0128914107067508)	(135, 1.4292006289460235)	(140, 1.7638035149637703)
SRR10089494_1 - polya	(1, 0.008216996816403565)	(2, 0.017777848426706353)	(3, 0.024542507937017843)	(4, 0.033361693392532754)	(5, 0.03745524778119777)	(6, 0.04240448565889417)	(7, 0.04831014078694388)	(8, 0.055920521106595567)	(9, 0.06881333559139313)	(10, 0.09337311217320901)	(15, 0.1274802353995241)	(20, 0.16809520239300024)	(25, 0.22739550723660823)	(30, 0.2770289132794229)	(35, 0.31257154795279607)	(40, 0.34428165044541315)	(45, 0.3804167324710884)	(50, 0.41363939113370873)	(55, 0.461100490218082)	(60, 0.4944391587508841)	(65, 0.5295983409525878)	(70, 0.5711772525544061)	(75, 0.6117078688598303)	(80, 0.6467014491857783)	(85, 0.684812905469302)	(90, 0.7235219011414141)	(95, 0.77736863512207)	(100, 0.818859653749724)	(105, 0.8577780870882332)	(110, 0.8950593200641583)	(115, 0.9258070276986073)	(120, 0.9564712702165327)	(125, 0.9848644645506326)	(130, 1.0217135386208427)	(135, 1.0653051329131613)	(140, 1.0847631319215647)
SRR10089494_1 - polyg	(1, 0.0)	(2, 0.0)	(3, 0.0004748877319462656)	(4, 0.0006508950731571193)	(5, 0.0007328104395068248)	(6, 0.0008180466990869238)	(7, 0.0009066038518974162)	(8, 0.0010405465455232859)	(9, 0.0011933076341213854)	(10, 0.0014669492363058071)	(15, 0.0019387374679037054)	(20, 0.0024419634887493285)	(25, 0.0029655576547413646)	(30, 0.0035982985115723337)	(35, 0.004250743334903636)	(40, 0.00504355124543957)	(45, 0.005839680049205897)	(50, 0.00671993814814219)	(55, 0.008100765553339795)	(60, 0.009475836743604716)	(65, 0.011687551635046764)	(70, 0.014164052413392183)	(75, 0.0162759191150404)	(80, 0.01835612663455887)	(85, 0.02061057035223198)	(90, 0.023516794714590315)	(95, 0.026244133628271455)	(100, 0.029044753585903277)	(105, 0.034920520674879454)	(110, 0.04163448121520693)	(115, 0.05165760116318049)	(120, 0.06924815121169266)	(125, 0.08817768541069945)	(130, 0.10449987563808334)	(135, 0.11083702549320218)	(140, 0.11358672508796797)
SRR10089494_2 - polya	(1, 0.01727528658450681)	(2, 0.023644759800401476)	(3, 0.026978936603716516)	(4, 0.03276946743311259)	(5, 0.037118730600517895)	(6, 0.04141375251182678)	(7, 0.04575858782159156)	(8, 0.05625482435845518)	(9, 0.07031659326035124)	(10, 0.09190527736537513)	(15, 0.1326513089450108)	(20, 0.16754459829540097)	(25, 0.19754953281065205)	(30, 0.2234808382966204)	(35, 0.2457372433338354)	(40, 0.2732028014922456)	(45, 0.30550269462258056)	(50, 0.3376334435910474)	(55, 0.38078180933354977)	(60, 0.4121325911786382)	(65, 0.44861813813656115)	(70, 0.4862792812980433)	(75, 0.5235381535928838)	(80, 0.5566392675632718)	(85, 0.6054608259076961)	(90, 0.6467364292611386)	(95, 0.6939466902101761)	(100, 0.7218599047760433)	(105, 0.7483774586136172)	(110, 0.7757945317308635)	(115, 0.8004231614989896)	(120, 0.8229881882137493)	(125, 0.8467075574153935)	(130, 0.8753449480983685)	(135, 0.9082678407987252)	(140, 0.9225109304710009)
SRR10089494_2 - polyg	(1, 0.01452669395415115)	(2, 0.014827788273706824)	(3, 0.014979442397894793)	(4, 0.015135524379723285)	(5, 0.015208584030791943)	(6, 0.01530267600565309)	(7, 0.015402302802564894)	(8, 0.015516320136808403)	(9, 0.015707824979761094)	(10, 0.016090613272784444)	(15, 0.016764975991436344)	(20, 0.0174760899285046)	(25, 0.01817303472112318)	(30, 0.01896185755978264)	(35, 0.019806471404712707)	(40, 0.02076576676253237)	(45, 0.022026599225671753)	(50, 0.023404105737638965)	(55, 0.024804858502218925)	(60, 0.026494307584961095)	(65, 0.028580935498058326)	(70, 0.0302172502891142)	(75, 0.0319762167368126)	(80, 0.03476908794357351)	(85, 0.03841387896037135)	(90, 0.0426765775109044)	(95, 0.046607408131280136)	(100, 0.05002350030094488)	(105, 0.05424501977542105)	(110, 0.05948782461468423)	(115, 0.0660406111368966)	(120, 0.07377519286336502)	(125, 0.08441599895219178)	(130, 0.10501904194643485)	(135, 0.1412670343419436)	(140, 0.1693954427891403)
SRR10089583_1 - illumina_universal_adapter	(1, 0.0032617542420286046)	(2, 0.003272532446876283)	(3, 0.0033089088882371966)	(4, 0.003389745424594783)	(5, 0.003484054717011967)	(6, 0.003541987568068237)	(7, 0.0035797112850351107)	(8, 0.0036336023092735014)	(9, 0.003695576987147651)	(10, 0.003960720826400534)	(15, 0.004634089174259228)	(20, 0.005748825010630341)	(25, 0.007458248299472098)	(30, 0.010058759674095648)	(35, 0.014063132230129278)	(40, 0.01804028981892252)	(45, 0.02264985857715328)	(50, 0.028540416981530592)	(55, 0.03698972121674669)	(60, 0.049689679988765875)	(65, 0.07021919621725967)	(70, 0.10513492136619189)	(75, 0.16614845282304963)	(80, 0.27247921601709146)	(85, 0.45760242901935727)	(90, 0.7672475899024549)	(95, 1.2777378617440054)	(100, 2.0605548380040526)	(105, 3.208249885889124)	(110, 4.759836065120998)	(115, 6.760984671466103)	(120, 9.141426390054638)	(125, 11.931253699366199)	(130, 15.004433547200312)	(135, 18.398531210912587)	(140, 20.473306542937546)
SRR10089583_1 - polya	(1, 0.005778465073961456)	(2, 0.012966180431756832)	(3, 0.018551985094066043)	(4, 0.026224719670006936)	(5, 0.030056371493356524)	(6, 0.03483111624087795)	(7, 0.04098547120890218)	(8, 0.048597578382574884)	(9, 0.060888773735745874)	(10, 0.08596238112802077)	(15, 0.11606806290855545)	(20, 0.1527635391329605)	(25, 0.21052340000142541)	(30, 0.2607654629886348)	(35, 0.29420080170173846)	(40, 0.3229371125563756)	(45, 0.3560439854767462)	(50, 0.3860367655615014)	(55, 0.42827196962249187)	(60, 0.4598359425189174)	(65, 0.49396809217542337)	(70, 0.5356810922115438)	(75, 0.575655837260855)	(80, 0.6098591230693557)	(85, 0.6480783680041012)	(90, 0.6880253591759298)	(95, 0.7480820554974349)	(100, 0.7964487108411482)	(105, 0.8419604891758328)	(110, 0.884682329185696)	(115, 0.9171549047507807)	(120, 0.9492098248780179)	(125, 0.9792042216935004)	(130, 1.0196095560264762)	(135, 1.0688578685267296)	(140, 1.0911558187156063)
SRR10089583_1 - polyg	(1, 0.0)	(2, 0.0)	(3, 0.0007180978979765577)	(4, 0.0010144985312877074)	(5, 0.0012341044550591498)	(6, 0.0017137345707808282)	(7, 0.0023173140422508057)	(8, 0.0030637047279525186)	(9, 0.0041011069445415415)	(10, 0.005938521415949477)	(15, 0.010069268423822133)	(20, 0.013486767725899688)	(25, 0.01667765527105481)	(30, 0.020693075487057306)	(35, 0.02512210931408946)	(40, 0.029561382435726903)	(45, 0.034138616579414624)	(50, 0.038979647286749276)	(55, 0.04395917792637659)	(60, 0.049723092423793684)	(65, 0.05697008790825129)	(70, 0.18764773803271326)	(75, 0.21251224825094323)	(80, 0.22024264622281922)	(85, 0.22837695742136194)	(90, 0.23714017687276664)	(95, 0.24700681504545244)	(100, 0.2592869627386546)	(105, 0.289031574656792)	(110, 0.31504126914008773)	(115, 0.3394727649785622)	(120, 0.37163546715427626)	(125, 0.4059831809077359)	(130, 0.4388936210447575)	(135, 0.471952530953556)	(140, 0.4962824422113411)
SRR10089583_2 - illumina_universal_adapter	(1, 0.0032940888565716393)	(2, 0.003306214337025277)	(3, 0.0033412435027802313)	(4, 0.003419385487925898)	(5, 0.0035136947803430818)	(6, 0.0035729749070053116)	(7, 0.0036093513483662254)	(8, 0.003665936923816536)	(9, 0.0037265643260847255)	(10, 0.003994941626791912)	(15, 0.004727590101312835)	(20, 0.005961425101250794)	(25, 0.007876712102683203)	(30, 0.010772815745254325)	(35, 0.015174634605046089)	(40, 0.019431217154515384)	(45, 0.024193297511340795)	(50, 0.030209152547072366)	(55, 0.03866519316031826)	(60, 0.051192161744532214)	(65, 0.07125174824166723)	(70, 0.104883789193241)	(75, 0.1635517138201228)	(80, 0.26507485874185777)	(85, 0.44115623569740636)	(90, 0.7360444174133055)	(95, 1.217521109080512)	(100, 1.9502399113880666)	(105, 3.01453671307838)	(110, 4.437154934929754)	(115, 6.265691129549536)	(120, 8.452032737773296)	(125, 11.03564712065714)	(130, 13.876721560557957)	(135, 17.000916268666856)	(140, 18.9416832158143)
SRR10089583_2 - polya	(1, 0.014258217737872253)	(2, 0.02073322430011491)	(3, 0.024568917950282376)	(4, 0.03091593332995886)	(5, 0.03645458334605947)	(6, 0.042150864608057385)	(7, 0.047913162374747326)	(8, 0.06009522840383557)	(9, 0.07499879115696255)	(10, 0.10249614736435908)	(15, 0.14954759226153452)	(20, 0.19183776516724818)	(25, 0.22752116795645624)	(30, 0.2569006681853786)	(35, 0.2829122488545227)	(40, 0.31134380596709177)	(45, 0.3432949858726701)	(50, 0.37841576636882934)	(55, 0.42447399968929134)	(60, 0.4611460333181527)	(65, 0.5073548920513609)	(70, 0.5503426842658404)	(75, 0.5929758735408315)	(80, 0.6487996993635321)	(85, 0.713666708508556)	(90, 0.7629047817142043)	(95, 0.8255948629351183)	(100, 0.8690030051386574)	(105, 0.9025361560607535)	(110, 0.9323290004455844)	(115, 0.9578938245237923)	(120, 0.9811569629567785)	(125, 1.0058269265775077)	(130, 1.034587218937931)	(135, 1.068004504157915)	(140, 1.0835410169907218)
SRR10089583_2 - polyg	(1, 0.23794369204416105)	(2, 0.24103838411105064)	(3, 0.2413037974054247)	(4, 0.24153822336086173)	(5, 0.24178208024554043)	(6, 0.2421256355250602)	(7, 0.2425904456091163)	(8, 0.24337860183860277)	(9, 0.24489024506848964)	(10, 0.24849582404515919)	(15, 0.2535014918315421)	(20, 0.256256939900851)	(25, 0.2586860778183965)	(30, 0.2610311457381301)	(35, 0.2635489343905477)	(40, 0.2665819212346843)	(45, 0.26996304409540095)	(50, 0.27307929257198593)	(55, 0.2764601459775814)	(60, 0.28064559237505604)	(65, 0.2881272832700718)	(70, 0.2958525615946451)	(75, 0.30477610684315903)	(80, 0.31457942306236475)	(85, 0.3249574870550728)	(90, 0.3364969026201182)	(95, 0.35204096019631853)	(100, 0.37287280507078974)	(105, 0.40132807423402356)	(110, 0.4444338877915853)	(115, 0.5165007377748582)	(120, 0.6399788165161924)	(125, 0.8485357330431589)	(130, 1.1920990962165363)	(135, 1.7285481355234773)	(140, 2.1515169589057903)
SRR10089589_1 - illumina_universal_adapter	(1, 0.00013916263207514723)	(2, 0.0001485796522907587)	(3, 0.00021135978706150182)	(4, 0.00042585858086154077)	(5, 0.00059222593800401)	(6, 0.0007167398719659839)	(7, 0.0008841535646879655)	(8, 0.0010201771900245757)	(9, 0.0011457374595660618)	(10, 0.001863523667111558)	(15, 0.00377978264743054)	(20, 0.006720404160092147)	(25, 0.01067597118488077)	(30, 0.015584331388373368)	(35, 0.02192889180830467)	(40, 0.02841073145626799)	(45, 0.035583152586709486)	(50, 0.04441317854221451)	(55, 0.05649898228693027)	(60, 0.07447000513217139)	(65, 0.10434163032455457)	(70, 0.15596845561904335)	(75, 0.25035399363742167)	(80, 0.4225567643068315)	(85, 0.7276623598133977)	(90, 1.2492198391127207)	(95, 2.1009514402667997)	(100, 3.386122742090218)	(105, 5.200592104563077)	(110, 7.575768638378294)	(115, 10.484810487647522)	(120, 13.844660161870417)	(125, 17.55863897397254)	(130, 21.453125112971545)	(135, 25.508692521765322)	(140, 27.92519617196454)
SRR10089589_1 - polya	(1, 0.009350054738522674)	(2, 0.016728813245244015)	(3, 0.021198758840920925)	(4, 0.027868101824732868)	(5, 0.03171966309291796)	(6, 0.036046260714201674)	(7, 0.041333394397477755)	(8, 0.05000856268721494)	(9, 0.06309298910901731)	(10, 0.08502711259521954)	(15, 0.11615747948975612)	(20, 0.15355204823171748)	(25, 0.20477456945828268)	(30, 0.24403768427813724)	(35, 0.27214100234114447)	(40, 0.29909439760226764)	(45, 0.32875257033643024)	(50, 0.35672425938353486)	(55, 0.39560839145649007)	(60, 0.4229231910267767)	(65, 0.45326608576417227)	(70, 0.4879203016233906)	(75, 0.5215011864451453)	(80, 0.5506493752178535)	(85, 0.587090941513995)	(90, 0.6234919099896514)	(95, 0.6723614317650093)	(100, 0.7060756197395935)	(105, 0.7370567791804917)	(110, 0.7670259228488854)	(115, 0.791794150885755)	(120, 0.8158655194266691)	(125, 0.8394821505247274)	(130, 0.870288571923847)	(135, 0.9019619869841504)	(140, 0.9154808519385663)
SRR10089589_1 - polyg	(1, 0.0)	(2, 0.0)	(3, 0.0006884888113191495)	(4, 0.0010421502371943357)	(5, 0.0015642716913710159)	(6, 0.0024107571751965356)	(7, 0.0035345215875928373)	(8, 0.005068449547157994)	(9, 0.007320163714268647)	(10, 0.01097689729754853)	(15, 0.01716429811343707)	(20, 0.022229190119624716)	(25, 0.02763602459319702)	(30, 0.03373092934385667)	(35, 0.0405258325972101)	(40, 0.047951885472125394)	(45, 0.055549328114964824)	(50, 0.06331711419014888)	(55, 0.07276698934295703)	(60, 0.08111946773997258)	(65, 0.09142545466393778)	(70, 0.12339016954957753)	(75, 0.13621615108324037)	(80, 0.1481462600937247)	(85, 0.16238291125568607)	(90, 0.17831211485106674)	(95, 0.19598514132326272)	(100, 0.21710082111917037)	(105, 0.2582996567611229)	(110, 0.2932642157532246)	(115, 0.3302094879973433)	(120, 0.37187080396544026)	(125, 0.41724514637099486)	(130, 0.46149760776819626)	(135, 0.5086787624524528)	(140, 0.5452245437723137)
SRR10089589_2 - illumina_universal_adapter	(1, 0.00014544064555222156)	(2, 0.00015276499460880824)	(3, 0.00021659146495906374)	(4, 0.00042899758760007794)	(5, 0.0005890869312654729)	(6, 0.0007177862075454963)	(7, 0.0008831072291084532)	(8, 0.001021223525604088)	(9, 0.0011499228018841115)	(10, 0.0018685460778932177)	(15, 0.003858467083009872)	(20, 0.006971315432059218)	(25, 0.01143728495253398)	(30, 0.016914851711281317)	(35, 0.023863357027707165)	(40, 0.03097299802337792)	(45, 0.03867925956648664)	(50, 0.048030779174820626)	(55, 0.060643098983147015)	(60, 0.07899415091086703)	(65, 0.10882580608411282)	(70, 0.1600366083521875)	(75, 0.25311652883445024)	(80, 0.4222282149348646)	(85, 0.7209848554120657)	(90, 1.229490972493899)	(95, 2.0579642078523444)	(100, 3.3068393840251744)	(105, 5.063229169684691)	(110, 7.352924899797412)	(115, 10.162585795724553)	(120, 13.42688808090158)	(125, 17.050621704873457)	(130, 20.824267594130156)	(135, 24.736359584857148)	(140, 27.08195223576435)
SRR10089589_2 - polya	(1, 0.016087409535002924)	(2, 0.022489936946039207)	(3, 0.02667527926408875)	(4, 0.03392324582337104)	(5, 0.04030170751607854)	(6, 0.046102591968895205)	(7, 0.05099211813195658)	(8, 0.06180913535295562)	(9, 0.07538847850386736)	(10, 0.0964453542402064)	(15, 0.13759877891800804)	(20, 0.17135272764461396)	(25, 0.20083888280950477)	(30, 0.22596286494340845)	(35, 0.24761133881640385)	(40, 0.2735018663958583)	(45, 0.3032996202963279)	(50, 0.3339409299410004)	(55, 0.3728595910880794)	(60, 0.40263411633868385)	(65, 0.439475382826199)	(70, 0.47420660898406963)	(75, 0.5129706217324967)	(80, 0.5570020970553051)	(85, 0.6103560038573371)	(90, 0.6497710466033368)	(95, 0.7015263619069897)	(100, 0.7395242477440979)	(105, 0.7673312435709871)	(110, 0.7914392338571843)	(115, 0.8121564690644136)	(120, 0.8321919120080328)	(125, 0.8531958431640485)	(130, 0.878062845279624)	(135, 0.9030482925828002)	(140, 0.9139762213752275)
SRR10089589_2 - polyg	(1, 0.12128808137033716)	(2, 0.12347596906709755)	(3, 0.12375115532450931)	(4, 0.12393844939324203)	(5, 0.12424084037572111)	(6, 0.12459764080833484)	(7, 0.1251103452422959)	(8, 0.12590974562504337)	(9, 0.1273484570468729)	(10, 0.13053099134551777)	(15, 0.1355176174503579)	(20, 0.13898412722528244)	(25, 0.14261784142581302)	(30, 0.14637209348510347)	(35, 0.15009014233334278)	(40, 0.15373118088292997)	(45, 0.15798683695192275)	(50, 0.16243627437024125)	(55, 0.16693405249233315)	(60, 0.1716419347987912)	(65, 0.17778078564379035)	(70, 0.18468785607126753)	(75, 0.19278272664860713)	(80, 0.2026911060523576)	(85, 0.21456178320192562)	(90, 0.22942498010889906)	(95, 0.2503546214387694)	(100, 0.2782823643915344)	(105, 0.31660042891597345)	(110, 0.3727392624964355)	(115, 0.46313030980646736)	(120, 0.6122000656826696)	(125, 0.8495602455594747)	(130, 1.2276793470715313)	(135, 1.8127732524984688)	(140, 2.280521878285788)
SRR10089616_1 - illumina_universal_adapter	(1, 0.0001536232384417413)	(2, 0.000163056244310971)	(3, 0.000281642603809859)	(4, 0.0007034327233911311)	(5, 0.001096923825364714)	(6, 0.0013300538275613917)	(7, 0.001660209032984432)	(8, 0.001928375914123963)	(9, 0.0021264690373777873)	(10, 0.0030023910109491193)	(15, 0.004811102507760567)	(20, 0.006988240262378789)	(25, 0.009660745582358273)	(30, 0.012910820375988025)	(35, 0.01691957835595725)	(40, 0.02110136461501349)	(45, 0.025745637676115395)	(50, 0.031306798907706435)	(55, 0.0383807447662685)	(60, 0.04825898851252588)	(65, 0.06403690364385292)	(70, 0.09065415106228517)	(75, 0.13872205382734576)	(80, 0.2268408824264354)	(85, 0.38869320567403925)	(90, 0.6754897343763919)	(95, 1.1698630609190392)	(100, 1.9613210913939276)	(105, 3.1522033150196913)	(110, 4.806639078897701)	(115, 6.963865644727153)	(120, 9.594264452136477)	(125, 12.670545545631539)	(130, 16.070065025617417)	(135, 19.78245655767273)	(140, 22.05991432971021)
SRR10089616_1 - polya	(1, 0.0072930611091816125)	(2, 0.016363570038579512)	(3, 0.022078624023065693)	(4, 0.029859506292913188)	(5, 0.03383753962519406)	(6, 0.038287223250936434)	(7, 0.04399149665728635)	(8, 0.05304313957494579)	(9, 0.0669015727691113)	(10, 0.09131392244422443)	(15, 0.12708738438823783)	(20, 0.17332555352912132)	(25, 0.23988619051467328)	(30, 0.2900571145596653)	(35, 0.3240887045913121)	(40, 0.35495700348332604)	(45, 0.38912254219831593)	(50, 0.4216995627249275)	(55, 0.4670577671754385)	(60, 0.49928549697043517)	(65, 0.5349527702198064)	(70, 0.5770978233568045)	(75, 0.6170533410743275)	(80, 0.6513679212820511)	(85, 0.6928351455687316)	(90, 0.7364423146154604)	(95, 0.7970798324584962)	(100, 0.8399194243419229)	(105, 0.8793857733265129)	(110, 0.9174431007486936)	(115, 0.9486234973777524)	(120, 0.9793225411930271)	(125, 1.0100183508348608)	(130, 1.0520820106069302)	(135, 1.097541822006375)	(140, 1.116543130000445)
SRR10089616_1 - polyg	(1, 0.0)	(2, 0.0)	(3, 0.00048243087159774895)	(4, 0.0007236463073966233)	(5, 0.0009230870029174804)	(6, 0.0011966441731251427)	(7, 0.0015995682809679553)	(8, 0.0021615059163206402)	(9, 0.002967354132006266)	(10, 0.004214936536825248)	(15, 0.006868575845066274)	(20, 0.00947343303724071)	(25, 0.011999592009020432)	(30, 0.014965598568759666)	(35, 0.018089001569288332)	(40, 0.02155900015689784)	(45, 0.025211460029463582)	(50, 0.0292401620789849)	(55, 0.03369388842152837)	(60, 0.03828776227984324)	(65, 0.045716389159088364)	(70, 0.07340360895754464)	(75, 0.08186366764997668)	(80, 0.08996284648929731)	(85, 0.10071620366576581)	(90, 0.1118759886379714)	(95, 0.125213450393702)	(100, 0.13955700960399933)	(105, 0.16856808439758864)	(110, 0.19285349276514727)	(115, 0.21950038677345424)	(120, 0.25181382216463416)	(125, 0.2870024377447553)	(130, 0.3169560045819074)	(135, 0.3451248467086012)	(140, 0.3664385887128991)
SRR10089616_2 - illumina_universal_adapter	(1, 0.00016170867204393818)	(2, 0.00016709896111206945)	(3, 0.00027625231474172774)	(4, 0.0006899570007208029)	(5, 0.0010794053858932875)	(6, 0.0013111878158229321)	(7, 0.0016292148708426772)	(8, 0.0018987293242492408)	(9, 0.0020941273029689996)	(10, 0.002961963842938135)	(15, 0.00480544270423903)	(20, 0.007144289130901188)	(25, 0.010210824581761072)	(30, 0.013841992812507703)	(35, 0.018257987131574248)	(40, 0.022863719625839017)	(45, 0.027881270204909003)	(50, 0.033828645648231646)	(55, 0.04117129741684007)	(60, 0.05116893606595655)	(65, 0.06672234565759592)	(70, 0.09253482291815614)	(75, 0.13894602033812664)	(80, 0.22340053042870062)	(85, 0.3782791671944097)	(90, 0.6515684400353856)	(95, 1.1201864263815948)	(100, 1.86626549979306)	(105, 2.982346682020366)	(110, 4.524719683744194)	(115, 6.539743686095006)	(120, 9.01565141852262)	(125, 11.93308743104119)	(130, 15.138489395475442)	(135, 18.623765679390754)	(140, 20.788435425879936)
SRR10089616_2 - polya	(1, 0.017186936693736565)	(2, 0.0243290697090105)	(3, 0.02946871033547367)	(4, 0.03809856313355184)	(5, 0.0449132360879368)	(6, 0.05206345453681293)	(7, 0.05837413546332762)	(8, 0.07254116270664364)	(9, 0.08843577759629573)	(10, 0.11485627946374118)	(15, 0.16898825743044948)	(20, 0.2129417525498055)	(25, 0.249498153980965)	(30, 0.2807356876741459)	(35, 0.3077801155012275)	(40, 0.3405034823760389)	(45, 0.3777875728313961)	(50, 0.4168685161476148)	(55, 0.46543906336827867)	(60, 0.501746702958944)	(65, 0.5479800208396661)	(70, 0.5907061471382087)	(75, 0.6347059987435506)	(80, 0.6881159474895827)	(85, 0.753699055552629)	(90, 0.8020674669332379)	(95, 0.8674934480699484)	(100, 0.920480798153039)	(105, 0.9593970681382263)	(110, 0.992342784437098)	(115, 1.0194448883572087)	(120, 1.0447638846535816)	(125, 1.0723228155722164)	(130, 1.1046855721083697)	(135, 1.1390459697731725)	(140, 1.1541592622623988)
SRR10089616_2 - polyg	(1, 0.1285476136967946)	(2, 0.13079671181047237)	(3, 0.1309786340665218)	(4, 0.1311228242990943)	(5, 0.13128857568793934)	(6, 0.13147184551625582)	(7, 0.13178448228220743)	(8, 0.13230329760501505)	(9, 0.13307949923082596)	(10, 0.13489602664678618)	(15, 0.1376388752391048)	(20, 0.13966158121192107)	(25, 0.14169560679178037)	(30, 0.14370618461419335)	(35, 0.14607925937643815)	(40, 0.14896468111460884)	(45, 0.15295753774182708)	(50, 0.15736221245385054)	(55, 0.1621867906842814)	(60, 0.16765685603062103)	(65, 0.17430604711061437)	(70, 0.18133875725780527)	(75, 0.1892411905461391)	(80, 0.19843378952293017)	(85, 0.20832604802076465)	(90, 0.2199642211477669)	(95, 0.23625259665384596)	(100, 0.25787035096158645)	(105, 0.2862992745358176)	(110, 0.3259354176260539)	(115, 0.38950336612097936)	(120, 0.491601639903814)	(125, 0.6504351317588111)	(130, 0.9003884956515797)	(135, 1.2899099192409373)	(140, 1.602148881859323)
SRR10089670_1 - illumina_universal_adapter	(1, 9.612354726383771e-05)	(2, 0.00010606736249802781)	(3, 0.00025743432772958833)	(4, 0.000697171934752662)	(5, 0.0011777896710718505)	(6, 0.0014827333382536805)	(7, 0.0018385009499658153)	(8, 0.0021511786956631266)	(9, 0.0024340249956578673)	(10, 0.003564305327277476)	(15, 0.005314637782166806)	(20, 0.007038232422759758)	(25, 0.008788343903977217)	(30, 0.010766942161909179)	(35, 0.013191244316004724)	(40, 0.01587961000798599)	(45, 0.01915775443019066)	(50, 0.02338586466776829)	(55, 0.029276138865158775)	(60, 0.03863967723701592)	(65, 0.05490179267101042)	(70, 0.08325978592954564)	(75, 0.13640108135676066)	(80, 0.2331645683743365)	(85, 0.4081631209967857)	(90, 0.7150011954675648)	(95, 1.2336425344265933)	(100, 2.0492192337251787)	(105, 3.232553797145285)	(110, 4.847217256452764)	(115, 6.909944389765736)	(120, 9.415160252316577)	(125, 12.30157735426455)	(130, 15.469794666844624)	(135, 18.913588024641214)	(140, 21.06126804415761)
SRR10089670_1 - polya	(1, 0.00852626912913834)	(2, 0.01679510393054709)	(3, 0.021704034051158942)	(4, 0.027714517926047184)	(5, 0.03094957248223703)	(6, 0.03439344715834487)	(7, 0.0388372276996685)	(8, 0.04539462141243719)	(9, 0.056789128802459704)	(10, 0.07663919374662186)	(15, 0.11035933412677612)	(20, 0.14930307113628638)	(25, 0.19554866215909839)	(30, 0.23062292920047747)	(35, 0.25801703530231185)	(40, 0.2854931226364103)	(45, 0.3155685232727261)	(50, 0.34448602186843846)	(55, 0.3838544702752846)	(60, 0.4108013256652523)	(65, 0.4399563709582258)	(70, 0.4725117591139486)	(75, 0.5044760426974169)	(80, 0.5327900621952497)	(85, 0.5674760784951516)	(90, 0.601457851702801)	(95, 0.6441559313973977)	(100, 0.6738779951323919)	(105, 0.7013379513884439)	(110, 0.729485577711358)	(115, 0.7539990710266835)	(120, 0.7782566768299825)	(125, 0.8024667732938291)	(130, 0.8338691208297295)	(135, 0.865124299900164)	(140, 0.879143753538341)
SRR10089670_1 - polyg	(1, 0.0)	(2, 0.0)	(3, 0.0007833516667823095)	(4, 0.0011369095417757356)	(5, 0.0016860291163749003)	(6, 0.0024052984183146513)	(7, 0.0033985750733743075)	(8, 0.004664754213194515)	(9, 0.006552974239331281)	(10, 0.010091204673327992)	(15, 0.019904203493770534)	(20, 0.026889623208953144)	(25, 0.034034585915226546)	(30, 0.042247072430308216)	(35, 0.05066086596046428)	(40, 0.058440686026022745)	(45, 0.06565216180752928)	(50, 0.07283027056458331)	(55, 0.08076919167388882)	(60, 0.08854879076577542)	(65, 0.09737249045725198)	(70, 0.11827107547444152)	(75, 0.12951730953063867)	(80, 0.140188128145284)	(85, 0.15357250345050388)	(90, 0.16591609276121186)	(95, 0.17800909792801828)	(100, 0.19188138310072905)	(105, 0.2222221731169618)	(110, 0.2500473988526163)	(115, 0.2801625747498689)	(120, 0.31268813145988905)	(125, 0.3492292217351472)	(130, 0.3841280356810608)	(135, 0.4158888025127358)	(140, 0.4394691240117505)
SRR10089670_2 - illumina_universal_adapter	(1, 9.833328398254662e-05)	(2, 0.00010164788906060999)	(3, 0.0002508051175734616)	(4, 0.0006805989093623451)	(5, 0.0011534825671660523)	(6, 0.00144295807731692)	(7, 0.0017998305573884094)	(8, 0.002113613171445075)	(9, 0.002384305919486917)	(10, 0.003514586251106526)	(15, 0.005264255784980243)	(20, 0.007007517082369704)	(25, 0.008992081629442178)	(30, 0.011332192814554918)	(35, 0.014085303792394348)	(40, 0.01703552328554262)	(45, 0.02054900466828979)	(50, 0.02503609604930011)	(55, 0.031246340123559636)	(60, 0.040886537532599146)	(65, 0.057315488088856156)	(70, 0.08559105816778353)	(75, 0.13827029764711654)	(80, 0.23402017843182055)	(85, 0.4068472227807945)	(90, 0.7092669286825153)	(95, 1.2194754703756066)	(100, 2.0212307084460113)	(105, 3.18407195256314)	(110, 4.76986696943006)	(115, 6.797621041643372)	(120, 9.264030170861263)	(125, 12.107050695337852)	(130, 15.218198463525862)	(135, 18.60251255903864)	(140, 20.720834900404956)
SRR10089670_2 - polya	(1, 0.014490348532933696)	(2, 0.020393660176964555)	(3, 0.024256279961267734)	(4, 0.030520883558807502)	(5, 0.035809888395037286)	(6, 0.04049673997541889)	(7, 0.04480572657690127)	(8, 0.05534617072514278)	(9, 0.06872281195184718)	(10, 0.08981209724786132)	(15, 0.1329057198151069)	(20, 0.1676761480576635)	(25, 0.1983954659738111)	(30, 0.2248508759175379)	(35, 0.24801355717671664)	(40, 0.2755298617190956)	(45, 0.30583507497415713)	(50, 0.33669515311928644)	(55, 0.3754459801132534)	(60, 0.40365150153819773)	(65, 0.437419593205148)	(70, 0.4689048058680001)	(75, 0.5015222876255186)	(80, 0.534370907843814)	(85, 0.5812164423857555)	(90, 0.6159614586560469)	(95, 0.652663417764427)	(100, 0.6772029859730333)	(105, 0.7007380078693145)	(110, 0.7249140743876931)	(115, 0.7463613370321379)	(120, 0.766233941290831)	(125, 0.7887330386133814)	(130, 0.8148284824456307)	(135, 0.8406651661081188)	(140, 0.852558411075554)
SRR10089670_2 - polyg	(1, 0.1072053769081629)	(2, 0.10976535689678718)	(3, 0.1100051133307671)	(4, 0.11023603081787217)	(5, 0.11051887711786691)	(6, 0.11090558104364097)	(7, 0.11148342719558335)	(8, 0.11229440057134953)	(9, 0.1135152801084362)	(10, 0.11576368721972252)	(15, 0.11911873047973827)	(20, 0.121640261049457)	(25, 0.12421084777433107)	(30, 0.12691799622842137)	(35, 0.1298425827756326)	(40, 0.13300339017807386)	(45, 0.13652946706011765)	(50, 0.14067979456519675)	(55, 0.146164803048376)	(60, 0.15042517544204678)	(65, 0.15557894439109157)	(70, 0.16126923741543892)	(75, 0.16783149254898874)	(80, 0.17488696091815448)	(85, 0.1826866686141813)	(90, 0.1914628589662056)	(95, 0.20267771476099705)	(100, 0.2177158570264987)	(105, 0.2391425691194597)	(110, 0.2730847880398442)	(115, 0.32878142300857427)	(120, 0.41937709289688974)	(125, 0.5715019978229674)	(130, 0.8292770669545805)	(135, 1.2567490883731165)	(140, 1.6030733902178491)
